9.999998211860656738e-01 4.478210210800170898e-02 5.666894912719726562e-01 3.617425657808780864e-02 4.793854463100433727e-01 7.165334433317184504e-02 2.270296975970268194e-01 2.362271711230277960e-01 0.000000000000000000e+00 3.767211952805519237e-01 8.278144970536231717e-02 2.233069467544555597e-01 7.509942516684532665e-02 9.453057385981082639e-02 5.243671156466007260e-02 5.655788764357567305e-02 2.317577881738543469e-02 9.289971470832825151e-02 7.962190069258212599e-02 9.785978734493255837e-02 1.255908125638961759e-01 1.308479443192482050e-01 4.177214577794075012e-02 6.779291823506355952e-02 1.611878691613674308e-01 3.823972389101982366e-02 4.466714981943369078e-02 7.961122997105121724e-02 1.527818533778190768e-01 1.591290624439716250e-01 3.736140590161084879e-02 9.926076129078864607e-02 1.538537101447582378e-01 8.069291412830352506e-02 1.830925542116165206e-01 2.092290982604026739e-01 1.982726997137069791e-01 2.582774943113327337e-01 2.363233453035354648e-01 1.412621898949146249e-01 1.633764341473579462e-01 2.008354628086090055e-01 1.728485353291034643e-01 8.810507267713546531e-02 1.349085095524787947e-01 2.894706064462661543e-01
4.478210210800170898e-02 1.000000000000000000e+00 1.904952153563499451e-02 4.974622681736946134e-02 3.578497316688299124e-02 2.513201838731765614e-01 1.587863028049469050e-01 2.746264624595642356e-01 3.218439233303070357e-01 1.048503491282463118e-01 1.921475449204445018e-01 1.527020868659019481e-01 9.934048190712929660e-02 9.590884670615196228e-02 5.495798505842686144e-02 7.976528421044350170e-02 6.183576419949531749e-02 8.815903440117836554e-02 4.146983735263347522e-03 1.431187233328819197e-01 5.178332492709159657e-02 1.233374200761318262e-02 5.418031893670559318e-02 3.966240644454956110e-02 1.516037368774414140e-01 1.213078373670578025e-01 9.451854778453708597e-03 1.208847719430923423e-01 2.505484497547149636e-01 2.175312638282776018e-02 0.000000000000000000e+00 5.132269397377967751e-02 1.722387781739234958e-01 1.617304581403732344e-01 2.690772742033004788e-02 6.017148159444331984e-02 1.151478707790374728e-01 1.606714205816388297e-02 0.000000000000000000e+00 0.000000000000000000e+00 6.617076203227043041e-02 1.860648693516850360e-02 1.042601320147514415e-01 1.220092938840389302e-01 1.036323378980159721e-01 1.399357274174690413e-01
5.666894912719726562e-01 1.904952153563499451e-02 1.000000238418579102e+00 1.005598011612892223e-01 4.295740133523940907e-01 1.652014487981796342e-01 2.708611205220222695e-01 2.538412049412727689e-01 1.109464749693870635e-02 1.932490387558937206e-01 7.666247360408305622e-02 1.392905962467193559e-01 6.630469679832458330e-02 2.134075921773910534e-01 2.062530426308512715e-02 1.750196141004562445e-01 2.277867451310157734e-02 8.567539528012275973e-02 1.031848675012588534e-01 1.354802078008651711e-01 1.709971880912780906e-01 1.171488949656486478e-01 1.073448655009269781e-01 1.475483463704586051e-01 1.345745962858199973e-01 1.257493358850479137e-01 4.699611224234104268e-02 9.275353729724884755e-02 7.414064362645149397e-02 1.665217268466949452e-01 1.137261520326137559e-01 7.325068823993206857e-02 1.249014495313167661e-01 8.254563823342322970e-02 1.516960558295250006e-01 1.635262602567672807e-01 1.140841260552406394e-01 1.904933077096939154e-01 2.782640081644058294e-01 1.051313677430152915e-01 1.318312914669513836e-01 1.440046226978302091e-01 2.175099453330039956e-01 9.320237308740615678e-02 1.068400371074676586e-01 1.683498968183994304e-01
3.617425657808780864e-02 4.974622681736946134e-02 1.005598011612892223e-01 1.000000238418579102e+00 1.562124118208885193e-02 8.135584130883216636e-02 1.059891560673713734e-01 1.952331274747848566e-01 1.152064220607280781e-01 0.000000000000000000e+00 1.888637623190879966e-01 5.765054084360599768e-02 1.534940494596958305e-01 1.759755501151084867e-01 1.679212436079978998e-01 2.453025394678115811e-01 1.213905756175518019e-01 1.865684786438941978e-01 1.452017399668693587e-01 1.306107559800148143e-01 1.003899875283241344e-01 6.947562217712402455e-02 1.662464451789855968e-01 8.260524511337280495e-02 1.107168249785900199e-01 2.445787662267684959e-01 2.643568567931652014e-02 6.528439223766327459e-02 1.096476645767688746e-01 4.374251171946525601e-02 7.235075630247593537e-02 1.243102571368217557e-01 1.260151630640029830e-01 0.000000000000000000e+00 4.549282558262348480e-02 5.838563308119774226e-02 4.182298947125673294e-02 1.277282154560089034e-01 1.374344184994697737e-01 6.229442164301872420e-02 6.103379637002945279e-02 1.162508103251457259e-01 1.102221739292144759e-01 8.836250096559525313e-02 1.300605942308902807e-01 6.365517958998680170e-02
4.793854463100433727e-01 3.578497316688299124e-02 4.295740133523940907e-01 1.562124118208885193e-02 1.000000000000000000e+00 1.245469635725021396e-01 1.614042094349861234e-01 2.115538698434829834e-01 4.154403042048215866e-02 2.994933742284774936e-01 8.774117238819599540e-02 1.937811979651451189e-01 8.298620134592056552e-02 6.657528564333915766e-02 2.424107395112514579e-02 3.250785116106271605e-02 0.000000000000000000e+00 1.052913711965084154e-01 6.326014488935470526e-02 1.698128584772348390e-02 3.540834832936525650e-02 7.499649859964847842e-02 6.540431164205073866e-02 2.247229285538196453e-02 1.167737789452076014e-01 5.640468820929527526e-03 5.183772839605808175e-02 6.732552342116833455e-02 2.891685791313648377e-02 6.093253925442695951e-02 7.685352541506290658e-02 6.794863045215607245e-02 6.116662390530109433e-02 9.497471395879983694e-03 1.401068949699401933e-01 1.565580496191978366e-01 1.496363197267055467e-01 1.720207282900810264e-01 2.515916103124618552e-01 9.683076262474060725e-02 1.655547873675823345e-01 1.899601158499717724e-01 1.722244358062744174e-01 2.895745828747749509e-02 8.359950393438339566e-02 2.552638989686966120e-01
7.165334433317184504e-02 2.513201838731765614e-01 1.652014487981796342e-01 8.135584130883216636e-02 1.245469635725021396e-01 1.000000000000000000e+00 1.507195700705051544e-01 2.143782377243041992e-01 1.813724339008331299e-01 4.277362167835235818e-02 1.039398267865180997e-01 1.384291362762451183e-01 1.668124753236770730e-01 1.493439878523349917e-01 7.605766169726848810e-03 2.056408214569091786e-01 1.391017359495163030e-01 3.815146669745445029e-02 1.294585475325584489e-01 1.327977260947227622e-01 4.156094580888747975e-02 5.240464776754379106e-02 4.955632239580154419e-02 6.812363028526306763e-02 1.345346441864967435e-01 1.763309769332409016e-01 1.898422617465257700e-02 1.123867699503898615e-01 9.413602106273175063e-02 3.163089282810688241e-02 2.006381204351782854e-02 6.349716112017632363e-02 1.884410066902637571e-01 4.394242424517869755e-02 1.102688841521739932e-01 7.064500704407691845e-02 1.470982197672128684e-02 5.067025966942310250e-02 3.170288577675819345e-03 0.000000000000000000e+00 2.778827995061874598e-02 0.000000000000000000e+00 1.657731585204601232e-01 2.146373870968818764e-01 1.335966648161411308e-01 1.910395109653472978e-01
2.270296975970268194e-01 1.587863028049469050e-01 2.708611205220222695e-01 1.059891560673713734e-01 1.614042094349861234e-01 1.507195700705051544e-01 1.000000000000000000e+00 2.942039370536804199e-01 2.082873284816741943e-01 8.865540653467178511e-02 1.008138790726661738e-01 2.100329363346099820e-01 6.788975216448307759e-02 1.472702765464782848e-01 6.938556358218193887e-02 1.117242787778377627e-01 4.778599232435226662e-02 7.097630999982357247e-02 1.191194444894790733e-01 1.072876107692718461e-01 1.091296067833900513e-01 6.368486255407333763e-02 1.411228394508361739e-01 8.546379946172237563e-02 2.679048143327236384e-02 9.446727812290191262e-02 9.619827568531037418e-03 6.965541809797287653e-02 1.808402632176876190e-01 7.936231531202793399e-02 4.221831962466240235e-02 1.350066801905631941e-01 1.718690663576126210e-01 8.763536013662814872e-02 8.663739524781703671e-02 1.391987247765064384e-01 1.278584097325801971e-01 1.006157708168029796e-01 2.025760295987129311e-01 7.219810187816620706e-02 1.351646986603737000e-01 1.567808841168880363e-01 1.581148160994052809e-01 1.248657083511352517e-01 1.418510301411151919e-01 1.569919922947883573e-01
2.362271711230277960e-01 2.746264624595642356e-01 2.538412049412727689e-01 1.952331274747848566e-01 2.115538698434829834e-01 2.143782377243041992e-01 2.942039370536804199e-01 9.999999403953552246e-01 2.401644289493560791e-01 1.925287994742393427e-01 2.155926805734634522e-01 2.752659484744072182e-01 1.477777439355850153e-01 1.778172937035560619e-01 1.052897648513317075e-01 2.537303900718689276e-01 1.084330381453037229e-01 1.511571040749550010e-01 1.514426663517952076e-01 1.631645686924457495e-01 1.616269177198410012e-01 1.069439332187175767e-01 1.810637861490249634e-01 9.524351000785827304e-02 2.270106738805770796e-01 2.170825886726379383e-01 7.008565470576286205e-02 1.180351614952087486e-01 1.972026443481445235e-01 4.646176725625991710e-02 1.969524761661887308e-02 1.903671063482761383e-01 2.970285522937774481e-01 8.973379194736480491e-02 9.752837538719177912e-02 1.688984178006649184e-01 1.819374313950538613e-01 2.011481493711471669e-01 1.106920987367630005e-01 1.134134539961814958e-01 1.707117176055908125e-01 1.353490956127643696e-01 2.138858240842819169e-01 2.478630077838897827e-01 1.670924842357635609e-01 2.986778557300567849e-01
0.000000000000000000e+00 3.218439233303070357e-01 1.109464749693870635e-02 1.152064220607280781e-01 4.154403042048215866e-02 1.813724339008331299e-01 2.082873284816741943e-01 2.401644289493560791e-01 1.000000238418579102e+00 0.000000000000000000e+00 6.306601233780384508e-02 1.028039112687110929e-01 7.877976275980472232e-02 1.153190039098262870e-01 8.662683926522732336e-02 1.096936978399753598e-01 1.138834246993064847e-01 4.779758382588625287e-02 1.677321681752801108e-02 1.052916121482849188e-01 0.000000000000000000e+00 0.000000000000000000e+00 1.997177276760339626e-02 4.207643631845713050e-02 8.471467465162277333e-02 1.040866582095623105e-01 5.129931017756462347e-02 2.423618033528327984e-02 1.536481553316116355e-01 2.152289409190416558e-02 0.000000000000000000e+00 0.000000000000000000e+00 8.244471959769726632e-02 4.629575148224830683e-02 7.277872681617736372e-02 1.133571515977382649e-01 3.576272241771221577e-02 1.506328962743282325e-02 4.820382565259933444e-02 1.867456298321485547e-02 3.223721928894519861e-02 5.099537819623947178e-03 9.958748042583465132e-02 8.340415515005589198e-02 6.533594444394111300e-02 1.455093550682067804e-01
3.767211952805519237e-01 1.048503491282463118e-01 1.932490387558937206e-01 0.000000000000000000e+00 2.994933742284774936e-01 4.277362167835235818e-02 8.865540653467178511e-02 1.925287994742393427e-01 0.000000000000000000e+00 9.999998807907104492e-01 4.164314270019531250e-02 4.027667939662933350e-01 1.620623290538788022e-02 4.621176831424236159e-02 4.630038119852542683e-02 0.000000000000000000e+00 0.000000000000000000e+00 8.133834362030029075e-02 2.441634342074394323e-02 1.307831856608390741e-01 1.656302970647811901e-01 1.468183428049087691e-01 6.960419289767742768e-02 9.441943198442459551e-02 2.007158818840980574e-01 0.000000000000000000e+00 1.186778372526168801e-01 7.361728489398956798e-02 1.234440928697586037e-01 1.374621509015560294e-01 1.193286938965320565e-01 6.745609633624553847e-02 1.287487265467643638e-01 1.293728145956993258e-01 1.618604573607444752e-01 1.829445983469486225e-01 2.588403117656707941e-01 1.258187299966812278e-01 1.384382236003875721e-01 2.144401508569717396e-01 1.390311026573181064e-01 2.313100796937942460e-01 2.920277014374733082e-01 4.802798248827457733e-02 1.283635134994983718e-01 3.384494248032570152e-01
8.278144970536231717e-02 1.921475449204445018e-01 7.666247360408305622e-02 1.888637623190879966e-01 8.774117238819599540e-02 1.039398267865180997e-01 1.008138790726661738e-01 2.155926805734634522e-01 6.306601233780384508e-02 4.164314270019531250e-02 1.000000000000000000e+00 1.959795653820037842e-01 9.231624424457550437e-02 1.497689694166183527e-01 9.973000913858413863e-02 1.326145568490028348e-01 1.041338273882865956e-01 8.021032214164734719e-02 3.857415635138750076e-02 5.090973705053329634e-02 6.000247687101364219e-02 1.414933659136295360e-02 1.180885380506515592e-01 5.093061953783035306e-02 9.993049249053001515e-02 8.878123499453068057e-02 0.000000000000000000e+00 5.881101049482822390e-02 1.863768416643142856e-01 7.193663477897643821e-02 6.389217860996723730e-02 1.008114466071128867e-01 1.075597715377807628e-01 3.794254429638385662e-02 0.000000000000000000e+00 1.176948113739490487e-01 1.308820447325706460e-01 8.318047732114791648e-02 2.621465258300304316e-02 2.465453285723924817e-02 5.798758074641227611e-02 2.943597130477428395e-02 5.656222477555274825e-02 1.082426747679710449e-01 1.367504367232322826e-01 1.432562723755836653e-01
2.233069467544555597e-01 1.527020868659019481e-01 1.392905962467193559e-01 5.765054084360599768e-02 1.937811979651451189e-01 1.384291362762451183e-01 2.100329363346099820e-01 2.752659484744072182e-01 1.028039112687110929e-01 4.027667939662933350e-01 1.959795653820037842e-01 9.999998807907104492e-01 1.719939023256301935e-01 1.544969481229782060e-01 9.788762301206588301e-02 1.146885019540786754e-01 2.124331831932067816e-02 5.424240417778491974e-02 1.243323673307895755e-01 1.218392851948738170e-01 1.251361480355262790e-01 1.282247367501258839e-01 9.755445554852486267e-02 8.120787970721721205e-02 1.658959177136421215e-01 8.668505206704139876e-02 5.746703455224633737e-03 7.527078203856944760e-02 2.080787256360054072e-01 1.847872483730316207e-01 1.487612517178058535e-01 1.879994109272956904e-01 1.680827042460441567e-01 2.198189747333526567e-01 1.346605587005615390e-01 1.764521756768226701e-01 2.341600114107132147e-01 1.627894756197929282e-01 7.920227169990540217e-02 9.118397742509842807e-02 1.518497142195701644e-01 2.429275581240654125e-01 2.753761208057403653e-01 1.551317068934440768e-01 2.081751292943954390e-01 3.277332666516303838e-01
7.509942516684532665e-02 9.934048190712929660e-02 6.630469679832458330e-02 1.534940494596958305e-01 8.298620134592056552e-02 1.668124753236770730e-01 6.788975216448307759e-02 1.477777439355850153e-01 7.877976275980472232e-02 1.620623290538788022e-02 9.231624424457550437e-02 1.719939023256301935e-01 9.999998807907104492e-01 3.618077933788299561e-01 1.233299046754837008e-01 2.454737070202827609e-01 1.828042382001876798e-01 1.729750923812389540e-01 2.158792984485626287e-01 1.702234230935573689e-01 4.334932144731283576e-02 1.570544905960560012e-01 1.197823372483253490e-01 9.561008371412754725e-02 2.817484978586435457e-02 1.342973870038986217e-01 6.757731229066848977e-02 2.283262705802917569e-01 1.015915566682815546e-01 1.401415805518627100e-01 1.314851470291614477e-01 1.291921581327915292e-01 1.088184691965580070e-01 5.269484549760818787e-02 1.553020483255386497e-01 1.160611468553543052e-01 1.637726621329784471e-01 8.585221946239471325e-02 0.000000000000000000e+00 5.836805507540702986e-02 1.103697282075881969e-01 1.425233544409275077e-01 9.749807283282280190e-02 1.202190107107162509e-01 1.672679659724235490e-01 1.166684055700898184e-02
9.453057385981082639e-02 9.590884670615196228e-02 2.134075921773910534e-01 1.759755501151084867e-01 6.657528564333915766e-02 1.493439878523349917e-01 1.472702765464782848e-01 1.778172937035560619e-01 1.153190039098262870e-01 4.621176831424236159e-02 1.497689694166183527e-01 1.544969481229782060e-01 3.618077933788299561e-01 1.000000000000000000e+00 2.119038236141204956e-01 3.930155247449875211e-01 1.855370673537254378e-01 1.453745023906231060e-01 3.091849136352539107e-01 1.694428999722004114e-01 1.179194357991218550e-01 1.805265210568904877e-01 1.374703317880630604e-01 1.524665507674217158e-01 9.556577727198600769e-02 1.772480508685111977e-01 1.451279800385236844e-02 1.504719634354114433e-01 1.604489618539810258e-01 1.568579657375812619e-01 1.122694608569145269e-01 1.457546325027942735e-01 1.769453236460685752e-01 5.580614104866981479e-02 1.278602799773216336e-01 2.118157500028610141e-01 1.087779319286346497e-01 1.558495022356510273e-01 1.326699528098106429e-01 1.489127644896507396e-01 1.418021857738494818e-01 6.764932818710804596e-02 2.412279760837554854e-01 1.684381195902824313e-01 2.738416939973831177e-01 1.570581966638565086e-01
5.243671156466007260e-02 5.495798505842686144e-02 2.062530426308512715e-02 1.679212436079978998e-01 2.424107395112514579e-02 7.605766169726848810e-03 6.938556358218193887e-02 1.052897648513317075e-01 8.662683926522732336e-02 4.630038119852542683e-02 9.973000913858413863e-02 9.788762301206588301e-02 1.233299046754837008e-01 2.119038236141204956e-01 1.000000000000000000e+00 2.187750110030174389e-01 9.932410866022110818e-02 2.089882382750511136e-01 1.993517506122589045e-01 6.330096326768398785e-02 1.049054697155952509e-01 3.726693272590637235e-02 9.192824304103851263e-02 8.277223616838455533e-02 5.418422006070613972e-02 1.015505260229110779e-01 1.633558499813079767e-01 6.409380361437798379e-02 2.018649809062481038e-02 2.534650046378374155e-02 1.113538096845149983e-01 5.981121852993965399e-02 9.672085419297218878e-02 4.438865259289741932e-02 1.098007033765315971e-01 7.131398096680641174e-02 5.706603199243545643e-02 1.523282214999198969e-01 1.049580545723438341e-01 2.718501242995262079e-01 1.583558252453804160e-01 1.208234439790248915e-01 1.574639135599136264e-01 1.158786660432815641e-01 9.508191168308258168e-02 1.070829164981842024e-01
5.655788764357567305e-02 7.976528421044350170e-02 1.750196141004562445e-01 2.453025394678115811e-01 3.250785116106271605e-02 2.056408214569091786e-01 1.117242787778377627e-01 2.537303900718689276e-01 1.096936978399753598e-01 0.000000000000000000e+00 1.326145568490028348e-01 1.146885019540786754e-01 2.454737070202827609e-01 3.930155247449875211e-01 2.187750110030174389e-01 9.999998807907104492e-01 2.366608384251594477e-01 1.449081459641456682e-01 3.593220904469490162e-01 2.080510276556015170e-01 1.077333600819110893e-01 2.739598464220762211e-02 1.204996392130851801e-01 1.456141690909862618e-01 1.321431978046894162e-01 2.439488264918327487e-01 6.039175167679786821e-02 9.736338078975677324e-02 1.078630724549293485e-01 5.152124397456646354e-02 1.040018431842327090e-01 1.778048789501190108e-01 1.863829687237739674e-01 2.137778088450431949e-02 9.257888741791248099e-02 1.363371355831623222e-01 8.948569193482398820e-02 1.724938657879829529e-01 1.114973825216293429e-01 9.106349579989909959e-02 8.524413175880908577e-02 3.357904531061649267e-02 1.963705575466156150e-01 2.609591269493102828e-01 2.674359565973282171e-01 9.400038242340087724e-02
2.317577881738543469e-02 6.183576419949531749e-02 2.277867451310157734e-02 1.213905756175518019e-01 0.000000000000000000e+00 1.391017359495163030e-01 4.778599232435226662e-02 1.084330381453037229e-01 1.138834246993064847e-01 0.000000000000000000e+00 1.041338273882865956e-01 2.124331831932067816e-02 1.828042382001876798e-01 1.855370673537254378e-01 9.932410866022110818e-02 2.366608384251594477e-01 9.999999403953552246e-01 7.831762298941612188e-02 1.267514657974243286e-01 9.888602390885353755e-02 5.767972469329834401e-02 4.896383345127106046e-02 8.478708639740943978e-03 1.051130783557891885e-01 7.782304078340530895e-02 1.485735732316970925e-01 1.937883634120226087e-02 1.188382652401924200e-01 5.942900016903877175e-02 3.362066973000765041e-02 1.278865179046988513e-03 5.485209822654724121e-02 1.600215822458267156e-01 1.266985539346933420e-02 3.333752270787954108e-02 4.262724060565233064e-02 0.000000000000000000e+00 9.475709147751332218e-02 0.000000000000000000e+00 2.378938833251595386e-02 1.420390786603093099e-02 0.000000000000000000e+00 3.873617060482502372e-02 6.331505320966243633e-02 1.384355157613754439e-01 1.345420505851507159e-02
9.289971470832825151e-02 8.815903440117836554e-02 8.567539528012275973e-02 1.865684786438941978e-01 1.052913711965084154e-01 3.815146669745445029e-02 7.097630999982357247e-02 1.511571040749550010e-01 4.779758382588625287e-02 8.133834362030029075e-02 8.021032214164734719e-02 5.424240417778491974e-02 1.729750923812389540e-01 1.453745023906231060e-01 2.089882382750511136e-01 1.449081459641456682e-01 7.831762298941612188e-02 1.000000000000000000e+00 2.044771313667297363e-01 1.204227411746978810e-01 4.606244131922721669e-02 7.914259023964405337e-02 9.654600352048874068e-02 2.799786210060119587e-02 6.577085092663764732e-02 7.555006235837936901e-02 1.620736652612686235e-01 1.721941906213760309e-01 7.861551970243453591e-02 3.146355181932449646e-02 4.537891849875450023e-02 5.105410158634186152e-02 6.860223509371281281e-02 1.451191021129488896e-02 6.890379771590232627e-02 6.364265009760856906e-02 1.117578858137130704e-01 4.874853730201721136e-02 3.194399818778038275e-02 1.968648070096969682e-01 4.558115735650062478e-02 1.263223880529403820e-01 1.356017966568469901e-01 4.035281360149383517e-02 6.416636452078819386e-02 7.405578844249248449e-02
7.962190069258212599e-02 4.146983735263347522e-03 1.031848675012588534e-01 1.452017399668693587e-01 6.326014488935470526e-02 1.294585475325584489e-01 1.191194444894790733e-01 1.514426663517952076e-01 1.677321681752801108e-02 2.441634342074394323e-02 3.857415635138750076e-02 1.243323673307895755e-01 2.158792984485626287e-01 3.091849136352539107e-01 1.993517506122589045e-01 3.593220904469490162e-01 1.267514657974243286e-01 2.044771313667297363e-01 9.999998807907104492e-01 9.063379846513271165e-02 1.655241463333368204e-02 1.311956262588500899e-01 1.221525683999061668e-01 3.082831975072622410e-02 3.970433205366134810e-02 1.640149104595184371e-01 0.000000000000000000e+00 1.418478289246559165e-01 3.171076834201812938e-02 7.930586948990822616e-02 1.425999197363853610e-01 1.894731293618679147e-01 9.019397541880608271e-02 3.399156909435987334e-02 6.385997712612152821e-02 8.092818632721901495e-02 2.370749915018677614e-02 6.028631806373596635e-02 7.182681240141391976e-02 1.169046501815319133e-01 3.141511692665517434e-03 2.267501074820757120e-02 1.485651284456253052e-01 2.406950825452804643e-01 2.513118997216224892e-01 1.239143389463424755e-01
9.785978734493255837e-02 1.431187233328819197e-01 1.354802078008651711e-01 1.306107559800148143e-01 1.698128584772348390e-02 1.327977260947227622e-01 1.072876107692718461e-01 1.631645686924457495e-01 1.052916121482849188e-01 1.307831856608390741e-01 5.090973705053329634e-02 1.218392851948738170e-01 1.702234230935573689e-01 1.694428999722004114e-01 6.330096326768398785e-02 2.080510276556015170e-01 9.888602390885353755e-02 1.204227411746978810e-01 9.063379846513271165e-02 9.999998807907104492e-01 4.967470169067382812e-01 1.175248771905899048e-01 2.815847396850585938e-01 4.813377559185028076e-01 1.649181583523750272e-01 1.625735139846801736e-01 1.110727107524871887e-01 2.014939495921135026e-01 1.668477919697761436e-01 2.431579309701919489e-01 1.607447588443756126e-01 3.891330458223819788e-02 1.906057977676391679e-01 1.218090859055519087e-01 1.093762266635894820e-01 1.942249622941017162e-01 1.632337333261966728e-01 1.120856261253356939e-01 3.854467991739511656e-02 2.700194530189037258e-04 7.593503445386887152e-02 7.181597530841828114e-02 1.484918332099914584e-01 1.666661602258682207e-01 2.314230746030807584e-01 5.702233940362930187e-02
1.255908125638961759e-01 5.178332492709159657e-02 1.709971880912780906e-01 1.003899875283241344e-01 3.540834832936525650e-02 4.156094580888747975e-02 1.091296067833900513e-01 1.616269177198410012e-01 0.000000000000000000e+00 1.656302970647811901e-01 6.000247687101364219e-02 1.251361480355262790e-01 4.334932144731283576e-02 1.179194357991218550e-01 1.049054697155952509e-01 1.077333600819110893e-01 5.767972469329834401e-02 4.606244131922721669e-02 1.655241463333368204e-02 4.967470169067382812e-01 9.999998807907104492e-01 2.059339135885238647e-01 2.865979075431823730e-01 6.013864278793334961e-01 0.000000000000000000e+00 1.941301850602030962e-02 4.421180546283721979e-02 9.386674597859383240e-02 3.111544247716665351e-02 2.410605260729789812e-01 1.598367837071418829e-01 3.326114386320114247e-02 1.147879576683044495e-01 1.716642343997955289e-01 5.232240289449691800e-02 1.485897628962993544e-01 1.759144401550293002e-01 7.570269957184791454e-02 2.623391151428222656e-02 1.442001952230930473e-01 1.617383751273155368e-01 1.121771878004074185e-01 2.537492990493774303e-01 1.530389489233493772e-01 3.647724196314811734e-02 7.755717918276787415e-02
1.308479443192482050e-01 1.233374200761318262e-02 1.171488949656486478e-01 6.947562217712402455e-02 7.499649859964847842e-02 5.240464776754379106e-02 6.368486255407333763e-02 1.069439332187175767e-01 0.000000000000000000e+00 1.468183428049087691e-01 1.414933659136295360e-02 1.282247367501258839e-01 1.570544905960560012e-01 1.805265210568904877e-01 3.726693272590637235e-02 2.739598464220762211e-02 4.896383345127106046e-02 7.914259023964405337e-02 1.311956262588500899e-01 1.175248771905899048e-01 2.059339135885238647e-01 1.000000000000000000e+00 2.870926856994628906e-01 1.297244280576705933e-01 2.865615095943212579e-02 3.863944567739963781e-02 3.611166074872017295e-02 2.090438637137413125e-01 8.468033328652381508e-02 1.307921582460403465e-01 1.448121553659439120e-01 1.419842191040515955e-01 2.514458000659942558e-02 1.128286640346050224e-01 7.377361670136452221e-02 1.216570223867893263e-01 1.343410566449165511e-01 1.082296174764633134e-01 1.139837294816970908e-01 1.839048485457897286e-01 1.136953905224800110e-01 1.004688590764999390e-01 1.637401336431503207e-01 7.463197872042656722e-02 1.066647619009017944e-01 9.717504829168320535e-02
4.177214577794075012e-02 5.418031893670559318e-02 1.073448655009269781e-01 1.662464451789855968e-01 6.540431164205073866e-02 4.955632239580154419e-02 1.411228394508361739e-01 1.810637861490249634e-01 1.997177276760339626e-02 6.960419289767742768e-02 1.180885380506515592e-01 9.755445554852486267e-02 1.197823372483253490e-01 1.374703317880630604e-01 9.192824304103851263e-02 1.204996392130851801e-01 8.478708639740943978e-03 9.654600352048874068e-02 1.221525683999061668e-01 2.815847396850585938e-01 2.865979075431823730e-01 2.870926856994628906e-01 1.000000119209289551e+00 2.292873561382293701e-01 1.440420333296060611e-02 5.074134618043899675e-02 0.000000000000000000e+00 7.732826925814151320e-02 8.518529362976551278e-02 1.442021572589874401e-01 2.555280280113220170e-01 1.331055936217308000e-01 1.140422692894935697e-01 1.553920495510101307e-01 3.018357008695602556e-02 7.855980247259140847e-02 1.308626538515091087e-01 7.686674334108829776e-02 9.623279489576816448e-02 1.122438281774520846e-01 1.130606776475906461e-01 8.668087556958198325e-02 2.198329728841781627e-01 6.834628120064735468e-02 1.692704702913761239e-01 3.889295563101768244e-02
6.779291823506355952e-02 3.966240644454956110e-02 1.475483463704586051e-01 8.260524511337280495e-02 2.247229285538196453e-02 6.812363028526306763e-02 8.546379946172237563e-02 9.524351000785827304e-02 4.207643631845713050e-02 9.441943198442459551e-02 5.093061953783035306e-02 8.120787970721721205e-02 9.561008371412754725e-02 1.524665507674217158e-01 8.277223616838455533e-02 1.456141690909862618e-01 1.051130783557891885e-01 2.799786210060119587e-02 3.082831975072622410e-02 4.813377559185028076e-01 6.013864278793334961e-01 1.297244280576705933e-01 2.292873561382293701e-01 1.000000000000000000e+00 1.736885104328394006e-02 4.352901123464107680e-02 0.000000000000000000e+00 8.594370082020759416e-02 3.215775109827518491e-02 1.948824852705001998e-01 1.737636357545852828e-01 1.211874991655349787e-01 8.009051747620106465e-02 3.899594243615865652e-02 9.063193108886480982e-04 1.417343406379222848e-01 9.593458838760852980e-02 6.809930562973022516e-02 1.028813026845455149e-02 2.197287583723664395e-02 5.056322544813156294e-02 1.567123964428901797e-02 2.040592598915100253e-01 1.146907967329025280e-01 8.746624067425727567e-02 5.715895332396030842e-02
1.611878691613674308e-01 1.516037368774414140e-01 1.345745962858199973e-01 1.107168249785900199e-01 1.167737789452076014e-01 1.345346441864967435e-01 2.679048143327236384e-02 2.270106738805770796e-01 8.471467465162277333e-02 2.007158818840980574e-01 9.993049249053001515e-02 1.658959177136421215e-01 2.817484978586435457e-02 9.556577727198600769e-02 5.418422006070613972e-02 1.321431978046894162e-01 7.782304078340530895e-02 6.577085092663764732e-02 3.970433205366134810e-02 1.649181583523750272e-01 0.000000000000000000e+00 2.865615095943212579e-02 1.440420333296060611e-02 1.736885104328394006e-02 1.000000238418579102e+00 3.690755963325500488e-01 2.316465631127357649e-01 1.813518038392067100e-01 2.513621324300766013e-01 0.000000000000000000e+00 0.000000000000000000e+00 7.527784422039986156e-02 1.918308424949645985e-01 0.000000000000000000e+00 1.444385424256324768e-01 1.775510993599891674e-01 1.257041516900062605e-01 1.925321727991104181e-01 1.653361178934574238e-01 5.558314591646194847e-02 8.550520874559879025e-02 3.427420839667320168e-02 9.478800214827061421e-02 1.422633101046085480e-01 1.783543407917022872e-01 2.408097755908966131e-01
3.823972389101982366e-02 1.213078373670578025e-01 1.257493358850479137e-01 2.445787662267684959e-01 5.640468820929527526e-03 1.763309769332409016e-01 9.446727812290191262e-02 2.170825886726379383e-01 1.040866582095623105e-01 0.000000000000000000e+00 8.878123499453068057e-02 8.668505206704139876e-02 1.342973870038986217e-01 1.772480508685111977e-01 1.015505260229110779e-01 2.439488264918327487e-01 1.485735732316970925e-01 7.555006235837936901e-02 1.640149104595184371e-01 1.625735139846801736e-01 1.941301850602030962e-02 3.863944567739963781e-02 5.074134618043899675e-02 4.352901123464107680e-02 3.690755963325500488e-01 9.999999403953552246e-01 1.283096550405025404e-01 3.257990205287933372e-01 2.559017556905746615e-01 0.000000000000000000e+00 3.207734778523445296e-02 5.617810174822807784e-02 1.786336268484592371e-01 0.000000000000000000e+00 1.449016861617565266e-01 1.600893470644950967e-01 8.407146535813808663e-02 1.403112106025219130e-01 7.881842404603958685e-02 0.000000000000000000e+00 1.103804562985897103e-01 5.025621846318244906e-02 1.025163066387176497e-01 1.695816308259963934e-01 1.844024828076362699e-01 1.508881674706935849e-01
4.466714981943369078e-02 9.451854778453708597e-03 4.699611224234104268e-02 2.643568567931652014e-02 5.183772839605808175e-02 1.898422617465257700e-02 9.619827568531037418e-03 7.008565470576286205e-02 5.129931017756462347e-02 1.186778372526168801e-01 0.000000000000000000e+00 5.746703455224633737e-03 6.757731229066848977e-02 1.451279800385236844e-02 1.633558499813079767e-01 6.039175167679786821e-02 1.937883634120226087e-02 1.620736652612686235e-01 0.000000000000000000e+00 1.110727107524871887e-01 4.421180546283721979e-02 3.611166074872017295e-02 0.000000000000000000e+00 0.000000000000000000e+00 2.316465631127357649e-01 1.283096550405025404e-01 9.999996423721313477e-01 2.715903323888778642e-01 1.984898058697581388e-02 0.000000000000000000e+00 0.000000000000000000e+00 0.000000000000000000e+00 3.260500062257051801e-02 0.000000000000000000e+00 1.878190872073173534e-01 8.552325144410133362e-02 5.615895755589008637e-02 4.313994295895099557e-02 6.490364253520965188e-02 1.799656426906585671e-01 1.772812792658805814e-01 4.247416451573372137e-02 7.829340159893036222e-02 4.371385566890240160e-02 5.178944051265716580e-02 4.490944117307663075e-02
7.961122997105121724e-02 1.208847719430923423e-01 9.275353729724884755e-02 6.528439223766327459e-02 6.732552342116833455e-02 1.123867699503898615e-01 6.965541809797287653e-02 1.180351614952087486e-01 2.423618033528327984e-02 7.361728489398956798e-02 5.881101049482822390e-02 7.527078203856944760e-02 2.283262705802917569e-01 1.504719634354114433e-01 6.409380361437798379e-02 9.736338078975677324e-02 1.188382652401924200e-01 1.721941906213760309e-01 1.418478289246559165e-01 2.014939495921135026e-01 9.386674597859383240e-02 2.090438637137413125e-01 7.732826925814151320e-02 8.594370082020759416e-02 1.813518038392067100e-01 3.257990205287933372e-01 2.715903323888778642e-01 1.000000000000000000e+00 1.577292244136333510e-01 1.068389126658439714e-01 1.340298846364021412e-02 0.000000000000000000e+00 6.385856010019778928e-02 0.000000000000000000e+00 1.077334748208522847e-01 1.366900151968002408e-01 1.196161493659019526e-01 3.098955377936363220e-03 5.344629950821400133e-02 5.713471472263336425e-03 7.813718453049660340e-02 4.419911533594131359e-02 5.591626748442649758e-02 9.139859087765217494e-02 2.148261785507202259e-01 8.467676490545272827e-02
1.527818533778190768e-01 2.505484497547149636e-01 7.414064362645149397e-02 1.096476645767688746e-01 2.891685791313648377e-02 9.413602106273175063e-02 1.808402632176876190e-01 1.972026443481445235e-01 1.536481553316116355e-01 1.234440928697586037e-01 1.863768416643142856e-01 2.080787256360054072e-01 1.015915566682815546e-01 1.604489618539810258e-01 2.018649809062481038e-02 1.078630724549293485e-01 5.942900016903877175e-02 7.861551970243453591e-02 3.171076834201812938e-02 1.668477919697761436e-01 3.111544247716665351e-02 8.468033328652381508e-02 8.518529362976551278e-02 3.215775109827518491e-02 2.513621324300766013e-01 2.559017556905746615e-01 1.984898058697581388e-02 1.577292244136333510e-01 9.999999403953552246e-01 1.800224632024765015e-01 0.000000000000000000e+00 7.043215632438659668e-02 3.683685064315795898e-01 1.116053760051727295e-01 5.774888359010219713e-02 2.441179746389389171e-01 2.069239699840545732e-01 6.470317639410495814e-02 6.386441178619861603e-02 0.000000000000000000e+00 6.604960344731808375e-02 6.486953064799308444e-02 1.508628904819488692e-01 5.882011502981186052e-02 1.854053929448127858e-01 9.601271413266658505e-02
1.591290624439716250e-01 2.175312638282776018e-02 1.665217268466949452e-01 4.374251171946525601e-02 6.093253925442695951e-02 3.163089282810688241e-02 7.936231531202793399e-02 4.646176725625991710e-02 2.152289409190416558e-02 1.374621509015560294e-01 7.193663477897643821e-02 1.847872483730316207e-01 1.401415805518627100e-01 1.568579657375812619e-01 2.534650046378374155e-02 5.152124397456646354e-02 3.362066973000765041e-02 3.146355181932449646e-02 7.930586948990822616e-02 2.431579309701919489e-01 2.410605260729789812e-01 1.307921582460403465e-01 1.442021572589874401e-01 1.948824852705001998e-01 0.000000000000000000e+00 0.000000000000000000e+00 0.000000000000000000e+00 1.068389126658439714e-01 1.800224632024765015e-01 9.999998807907104492e-01 4.021043181419372559e-01 2.329470217227935791e-02 9.635332971811294556e-02 5.517241954803466797e-01 1.046993526816368120e-01 9.688230335712433305e-02 1.137137258052825922e-01 6.791277453303337652e-02 4.941973142325878365e-02 5.653029866516590639e-03 0.000000000000000000e+00 1.473620218038559082e-01 9.788743942975998424e-02 6.770902685821056713e-03 1.051825527846813185e-01 2.243711389601230760e-02
3.736140590161084879e-02 0.000000000000000000e+00 1.137261520326137559e-01 7.235075630247593537e-02 7.685352541506290658e-02 2.006381204351782854e-02 4.221831962466240235e-02 1.969524761661887308e-02 0.000000000000000000e+00 1.193286938965320565e-01 6.389217860996723730e-02 1.487612517178058535e-01 1.314851470291614477e-01 1.122694608569145269e-01 1.113538096845149983e-01 1.040018431842327090e-01 1.278865179046988513e-03 4.537891849875450023e-02 1.425999197363853610e-01 1.607447588443756126e-01 1.598367837071418829e-01 1.448121553659439120e-01 2.555280280113220170e-01 1.737636357545852828e-01 0.000000000000000000e+00 3.207734778523445296e-02 0.000000000000000000e+00 1.340298846364021412e-02 0.000000000000000000e+00 4.021043181419372559e-01 1.000000119209289551e+00 2.573541998863220215e-01 6.535372883081436157e-02 3.668732345104217529e-01 3.114940233528614225e-02 1.714417068287730356e-02 4.832467515952885463e-03 7.627411670982837608e-03 3.567931868135928997e-02 8.078179091215133278e-02 0.000000000000000000e+00 9.182270616292953491e-02 1.767970235645771049e-01 5.399784386157989446e-02 8.661221578717231973e-02 0.000000000000000000e+00
9.926076129078864607e-02 5.132269397377967751e-02 7.325068823993206857e-02 1.243102571368217557e-01 6.794863045215607245e-02 6.349716112017632363e-02 1.350066801905631941e-01 1.903671063482761383e-01 0.000000000000000000e+00 6.745609633624553847e-02 1.008114466071128867e-01 1.879994109272956904e-01 1.291921581327915292e-01 1.457546325027942735e-01 5.981121852993965399e-02 1.778048789501190108e-01 5.485209822654724121e-02 5.105410158634186152e-02 1.894731293618679147e-01 3.891330458223819788e-02 3.326114386320114247e-02 1.419842191040515955e-01 1.331055936217308000e-01 1.211874991655349787e-01 7.527784422039986156e-02 5.617810174822807784e-02 0.000000000000000000e+00 0.000000000000000000e+00 7.043215632438659668e-02 2.329470217227935791e-02 2.573541998863220215e-01 1.000000000000000000e+00 2.173620164394378662e-01 7.683990895748138428e-02 0.000000000000000000e+00 5.244519077241421162e-03 1.682810649275779877e-02 1.177072146534919733e-01 5.637443155050277793e-02 8.901016786694526672e-02 1.225294858217239324e-02 6.708500191569329030e-02 1.556372925639152582e-01 1.707441887259483482e-01 2.520068275928497581e-01 1.171395896375179296e-01
1.538537101447582378e-01 1.722387781739234958e-01 1.249014495313167661e-01 1.260151630640029830e-01 6.116662390530109433e-02 1.884410066902637571e-01 1.718690663576126210e-01 2.970285522937774481e-01 8.244471959769726632e-02 1.287487265467643638e-01 1.075597715377807628e-01 1.680827042460441567e-01 1.088184691965580070e-01 1.769453236460685752e-01 9.672085419297218878e-02 1.863829687237739674e-01 1.600215822458267156e-01 6.860223509371281281e-02 9.019397541880608271e-02 1.906057977676391679e-01 1.147879576683044495e-01 2.514458000659942558e-02 1.140422692894935697e-01 8.009051747620106465e-02 1.918308424949645985e-01 1.786336268484592371e-01 3.260500062257051801e-02 6.385856010019778928e-02 3.683685064315795898e-01 9.635332971811294556e-02 6.535372883081436157e-02 2.173620164394378662e-01 9.999997615814208984e-01 9.551527351140975952e-02 9.481362909078598633e-02 1.001773074269294711e-01 8.906650468707084933e-02 1.069229933619499223e-01 5.582465991377830866e-02 3.509884290397167345e-02 7.219546861946582461e-02 1.163568291068077104e-01 2.092116808891296420e-01 1.663520394265651792e-01 2.131630375981330983e-01 9.050161346793174355e-02
8.069291412830352506e-02 1.617304581403732344e-01 8.254563823342322970e-02 0.000000000000000000e+00 9.497471395879983694e-03 4.394242424517869755e-02 8.763536013662814872e-02 8.973379194736480491e-02 4.629575148224830683e-02 1.293728145956993258e-01 3.794254429638385662e-02 2.198189747333526567e-01 5.269484549760818787e-02 5.580614104866981479e-02 4.438865259289741932e-02 2.137778088450431949e-02 1.266985539346933420e-02 1.451191021129488896e-02 3.399156909435987334e-02 1.218090859055519087e-01 1.716642343997955289e-01 1.128286640346050224e-01 1.553920495510101307e-01 3.899594243615865652e-02 0.000000000000000000e+00 0.000000000000000000e+00 0.000000000000000000e+00 0.000000000000000000e+00 1.116053760051727295e-01 5.517241954803466797e-01 3.668732345104217529e-01 7.683990895748138428e-02 9.551527351140975952e-02 1.000000000000000000e+00 2.634208738803863609e-02 2.011824276298284503e-02 9.591325268149375471e-02 2.250525161623954939e-02 3.608796428889036317e-02 3.333643555641174067e-02 1.751255009323358577e-02 6.622750043869018999e-02 1.223241031169891441e-01 6.053921990096568923e-02 7.455147787928581571e-02 2.224591292440891363e-02
