1.000000119209289551e+00 4.382171630859375000e-01 3.095543980598449707e-01 3.608338832855224609e-01 3.581610918045043945e-01 2.617703542113304360e-01 1.024530395865440452e-01 2.495707821846008256e-01 4.347066533565521196e-01 1.163065734505653454e-01 1.845545348525047258e-01 9.818929463624954945e-02 1.231518757343292303e-01 8.788041383028030729e-02 1.081406259536743242e-01 8.614945642650127799e-02 1.826159515976905900e-01 1.427120885252952665e-01 1.888663783669471685e-01 1.906920011341571852e-01 1.275053580105304785e-01 2.662608462572098045e-01 3.087280461192131176e-01 1.023176591098308580e-01 1.764454749226570252e-01 1.383789838850498222e-01 1.436678868532180742e-01 0.000000000000000000e+00 1.541841238737106379e-01 6.852139577269554527e-02 5.121604412794113215e-02 1.619033238291740506e-01 5.407964125275611933e-02 1.312026712298393349e-01 2.026992821693420488e-01 1.073866419494152041e-01
4.382171630859375000e-01 1.000000000000000000e+00 2.320601940155029297e-01 5.272915959358215332e-01 2.204295992851257324e-01 3.721671378612518288e-01 1.716869756579399164e-01 2.792242354154587103e-01 3.061385947465896651e-01 1.536741551756858892e-01 1.205523502826690713e-01 5.816268384456634716e-02 7.477782338857651145e-02 1.033364376425743164e-01 1.274470935761928547e-01 7.120255224406719929e-02 2.374960920214652937e-01 1.258018404245376531e-01 1.590235140919685486e-01 1.287931534647941689e-01 6.799264430999756026e-02 1.151692581176757824e-01 2.332752364873886264e-01 1.342169550061226013e-01 1.651361623406410184e-01 1.193438738584518405e-01 1.488339617848396246e-01 0.000000000000000000e+00 8.010568022727966586e-02 6.339126855134964711e-02 7.784019425511359835e-02 1.469267481565475486e-01 5.279866129159927618e-02 1.544276458024978760e-01 1.538858485221862860e-01 2.885786201804876536e-02
3.095543980598449707e-01 2.320601940155029297e-01 9.999998807907104492e-01 3.461283445358276367e-01 3.648539185523986816e-01 1.650467807054519787e-01 4.624214544892311235e-02 2.965264087915420732e-01 3.018524298071861289e-01 1.189024731516838129e-01 1.944013619422912675e-01 0.000000000000000000e+00 0.000000000000000000e+00 5.610311985015869335e-02 7.029987230896950212e-02 8.802176073193550276e-02 7.065713495016098800e-02 1.757880322635173853e-01 1.921042194962501448e-01 2.377712589502334606e-01 7.059169933199882507e-02 5.294011719524860382e-02 7.509990133345127716e-02 4.124533340334892578e-02 9.582204096019268647e-02 3.875809434801340270e-02 8.296350598335265614e-02 0.000000000000000000e+00 1.188303253054618924e-01 9.382256288081407963e-03 0.000000000000000000e+00 1.725174102187156666e-01 0.000000000000000000e+00 5.798534907400608451e-02 1.003360716998577123e-01 1.617186515033245120e-01
3.608338832855224609e-01 5.272915959358215332e-01 3.461283445358276367e-01 9.999998211860656738e-01 2.760396301746368408e-01 3.198784452676773360e-01 1.420185145735740617e-01 2.730053389072418235e-01 3.240699046850204490e-01 2.315561717748642057e-01 1.868784573674202032e-01 7.106847405433655562e-02 9.480299852788448556e-02 1.235177093744277976e-01 1.713518920540809676e-01 1.588126927614212092e-01 2.262547966837883118e-01 1.457897196710109811e-01 7.633135423064231484e-02 1.326108393073081870e-01 5.362295158207416867e-02 1.291502210497856296e-01 1.876641437411308289e-01 1.511535815894603785e-01 2.207547855377197388e-01 1.368087126314640189e-01 1.746611811220646071e-01 0.000000000000000000e+00 1.131008592247963046e-01 8.796711631119251418e-02 8.586045771837234886e-02 1.871025884151458762e-01 8.368893720209598375e-02 5.466580808162689598e-02 1.021337670087814342e-01 6.167429782450199044e-02
3.581610918045043945e-01 2.204295992851257324e-01 3.648539185523986816e-01 2.760396301746368408e-01 1.000000119209289551e+00 2.221565282344818149e-01 1.559280180931091331e-01 2.677390050888061590e-01 2.551729339361190618e-01 8.598574116826057656e-02 2.121515449881553605e-01 2.444760691374540246e-02 6.544507838785648679e-02 1.248537869751453477e-01 1.178442588448524453e-01 1.011206221580505382e-01 7.422220580279827173e-02 1.426285700500011522e-01 1.005995237827300992e-01 1.881091931462287870e-01 1.280012941360473555e-01 1.168866820633411435e-01 1.477082580327987726e-01 1.723648647964000635e-01 6.988825783133506553e-02 1.791809430718422080e-01 1.043000726401805967e-01 7.200828064233064443e-03 1.278242978453636158e-01 6.899596750736236572e-02 4.160304352641105985e-02 2.294480502605438232e-01 4.313204891979694616e-02 1.159835833311081005e-01 9.141265213489532804e-02 8.160365447402000150e-02
2.617703542113304360e-01 3.721671378612518288e-01 1.650467807054519787e-01 3.198784452676773360e-01 2.221565282344818149e-01 1.000000119209289551e+00 9.673548340797424872e-02 1.093213011324405681e-01 3.108448189496993974e-01 9.149964720010757280e-02 1.488323783874511697e-01 1.044247823953628612e-01 9.066088832914830087e-02 1.404653738439083088e-01 9.831305205821991300e-02 4.212322685867547767e-02 1.703613163530826591e-01 1.304179716110229481e-01 1.262167249619960685e-01 1.272484919428825412e-01 1.597837628424167711e-01 6.667623296380043030e-02 2.334343335032462996e-01 1.267821928858756941e-01 1.578971219062805242e-01 7.949929639697074502e-02 1.726058624684810583e-01 0.000000000000000000e+00 4.978552490472793607e-02 4.432560354471206526e-02 7.385848909616470059e-02 1.846717292070388927e-01 9.210938140749931613e-02 6.206399716436863251e-02 1.121774172782897955e-01 9.486401095986365939e-02
1.024530395865440452e-01 1.716869756579399164e-01 4.624214544892311235e-02 1.420185145735740617e-01 1.559280180931091331e-01 9.673548340797424872e-02 1.000000119209289551e+00 2.191519439220428467e-01 1.832849830389022827e-01 1.554963588714599609e-01 2.302878499031066895e-01 4.258394099771976860e-02 1.446941578388214189e-01 4.716345898807049186e-02 1.188434284925460882e-01 1.315966618061065740e-01 3.978133909404277940e-02 7.944664843380451480e-02 3.170394137501716947e-02 1.642129814252257444e-02 6.032147407531738420e-02 1.974341186881065358e-01 2.376210427284240756e-01 2.660620495676994657e-01 1.029791520535945915e-01 1.454025790095329340e-01 4.718847207725047899e-02 5.009774103760719632e-02 1.947439724206924405e-01 1.072369076311588260e-01 7.903600350022316201e-02 1.793364602327346957e-01 1.077336354553699582e-01 1.062313929200172508e-01 1.062333434820175249e-03 6.858843199908733201e-02
2.495707821846008256e-01 2.792242354154587103e-01 2.965264087915420732e-01 2.730053389072418235e-01 2.677390050888061590e-01 1.093213011324405681e-01 2.191519439220428467e-01 9.999999403953552246e-01 3.616438508033752441e-01 2.406175732612609863e-01 2.231437861919403076e-01 4.107461620122194318e-02 8.636012859642505646e-02 3.843809317797422520e-02 1.420361614227294844e-01 9.639867871999741045e-02 6.726219899952411152e-02 9.797762423753739180e-02 1.081915929913520868e-01 1.761578014492988509e-01 9.395769953727722834e-02 9.081766188144684004e-02 9.452690795063972695e-02 1.012932354211807245e-01 1.069119898974895538e-01 1.073947310447692927e-01 1.251878723502159174e-01 1.153546948917210171e-02 2.422140425443649325e-01 2.066735608503222563e-02 6.575698472559451946e-02 1.576015084981918501e-01 1.048728408291936011e-02 7.029563844203949585e-02 8.617337375879287331e-02 5.644309133291244840e-02
4.347066533565521196e-01 3.061385947465896651e-01 3.018524298071861289e-01 3.240699046850204490e-01 2.551729339361190618e-01 3.108448189496993974e-01 1.832849830389022827e-01 3.616438508033752441e-01 9.999998807907104492e-01 2.834020853042602539e-01 2.268921136856079102e-01 5.765844061970711032e-02 9.963700175285339355e-02 8.563762322068214916e-02 8.061556860804558466e-02 8.240624763071537073e-02 2.361107569932937578e-01 2.315392822027206587e-01 1.296566672623157557e-01 1.630971825122833341e-01 1.753354215621948375e-01 1.776044644415378515e-01 3.551266610622406117e-01 1.709726339578628573e-01 1.932420396804809537e-01 1.076343518495559703e-01 1.243895646929740889e-01 6.429518479853868831e-03 1.943450939655304022e-01 8.818754702806473611e-02 8.737749010324478982e-02 2.434016364812850997e-01 1.052246963977813698e-01 9.478891432285309337e-02 1.917701226472854625e-01 8.355754390358925698e-02
1.163065734505653454e-01 1.536741551756858892e-01 1.189024731516838129e-01 2.315561717748642057e-01 8.598574116826057656e-02 9.149964720010757280e-02 1.554963588714599609e-01 2.406175732612609863e-01 2.834020853042602539e-01 1.000000000000000000e+00 1.433777958154678345e-01 2.005977896973490729e-02 8.023336172103881503e-02 7.140765957534313257e-02 1.110408018529415175e-01 7.296946883201599343e-02 2.005789524316787809e-01 9.176524490118026511e-02 7.251595169305800892e-02 9.830258786678314209e-02 9.138639986515045832e-02 1.299226436018943720e-01 1.373746280372142858e-01 1.007698652148246721e-01 5.695898056030273410e-02 1.225760583579540292e-01 1.524767051637172799e-01 1.994044760242104711e-02 1.491717761754989546e-01 1.006934031844139155e-01 6.272157177329062971e-02 1.687936496734619152e-01 5.350989356637000927e-02 5.013365432620048301e-02 6.121846295893192125e-02 2.446288727223873069e-02
1.845545348525047258e-01 1.205523502826690713e-01 1.944013619422912675e-01 1.868784573674202032e-01 2.121515449881553605e-01 1.488323783874511697e-01 2.302878499031066895e-01 2.231437861919403076e-01 2.268921136856079102e-01 1.433777958154678345e-01 1.000000238418579102e+00 2.078600791096687495e-01 2.401145264506339971e-01 3.519334304332732977e-01 3.019689586758613764e-01 2.645143359899521096e-01 1.634668713808059837e-01 2.389615377783775307e-01 1.845552921295166016e-01 2.661029884219169861e-01 1.383390203118324280e-01 1.828377534449100450e-01 2.478324872255325273e-01 2.897955930233001576e-01 1.532928432524204299e-01 1.568420514464378412e-01 8.835955217480659374e-02 1.536728012561798251e-01 2.176378563046455494e-01 1.447565528750419661e-01 9.689251512289047408e-02 2.367141461372375411e-01 2.056942898035049594e-01 1.352834075689315907e-01 1.568185070157050998e-01 1.343046844005584828e-01
9.818929463624954945e-02 5.816268384456634716e-02 0.000000000000000000e+00 7.106847405433655562e-02 2.444760691374540246e-02 1.044247823953628612e-01 4.258394099771976860e-02 4.107461620122194318e-02 5.765844061970711032e-02 2.005977896973490729e-02 2.078600791096687495e-01 9.999998807907104492e-01 4.465414285659790039e-01 2.318720710277557551e-01 2.073641085624694791e-01 1.669707921147346452e-01 2.487711779773235307e-02 1.582178746163845073e-01 1.819099858403205872e-02 1.337014099955558810e-01 1.548693104088306460e-01 1.614835858345031738e-01 1.393924614787101779e-01 1.555251352488994654e-01 5.678755484521388897e-02 1.566539484262466364e-01 7.178599976003170735e-02 2.195309799909591630e-01 0.000000000000000000e+00 1.293532516062259607e-01 2.172477209568023648e-01 6.327607639133930872e-02 1.859273977577686476e-01 8.862330257892608865e-02 3.013945009559393026e-02 6.008379809558391654e-02
1.231518757343292303e-01 7.477782338857651145e-02 0.000000000000000000e+00 9.480299852788448556e-02 6.544507838785648679e-02 9.066088832914830087e-02 1.446941578388214189e-01 8.636012859642505646e-02 9.963700175285339355e-02 8.023336172103881503e-02 2.401145264506339971e-01 4.465414285659790039e-01 9.999998211860656738e-01 3.709192600846290544e-01 2.952782785892486550e-01 2.534721127152442799e-01 6.890964366495609672e-02 2.104510220885276728e-01 8.696510113775730855e-02 1.000366604328155606e-01 1.470245286822318975e-01 2.299378019571304277e-01 1.791358506679534834e-01 2.044662389159202509e-01 1.633813564479351110e-01 1.599349887669086479e-01 1.750319944322109300e-01 1.484761598706245411e-01 1.617857049405574954e-01 1.484330180287361245e-01 1.965971899032592785e-01 8.771472506225108656e-02 2.826229634881019526e-01 9.556746393442154541e-02 1.036374437808990495e-01 1.906569655984640191e-03
8.788041383028030729e-02 1.033364376425743164e-01 5.610311985015869335e-02 1.235177093744277976e-01 1.248537869751453477e-01 1.404653738439083088e-01 4.716345898807049186e-02 3.843809317797422520e-02 8.563762322068214916e-02 7.140765957534313257e-02 3.519334304332732977e-01 2.318720710277557551e-01 3.709192600846290544e-01 1.000000000000000000e+00 2.671802264451980657e-01 1.416783250868320632e-01 1.496712577342987072e-01 1.612734299898147539e-01 1.769249689579009965e-01 2.016444182395935036e-01 3.846098646521568104e-02 2.257169005274772822e-01 1.630105431377887881e-01 2.390511259436607361e-01 1.424520441889762790e-01 1.785578188300132874e-01 1.564479231834411677e-01 1.648994100093841564e-01 1.546959283947944574e-01 1.668818350136280215e-01 1.564012703299522411e-01 1.274795991182327282e-01 2.379832965135574296e-01 1.472545343637466364e-01 1.331908676028251692e-01 4.532763592898846061e-02
1.081406259536743242e-01 1.274470935761928547e-01 7.029987230896950212e-02 1.713518920540809676e-01 1.178442588448524453e-01 9.831305205821991300e-02 1.188434284925460882e-01 1.420361614227294844e-01 8.061556860804558466e-02 1.110408018529415175e-01 3.019689586758613764e-01 2.073641085624694791e-01 2.952782785892486550e-01 2.671802264451980657e-01 1.000000000000000000e+00 2.354568690061569214e-01 1.067456528544425964e-01 1.105180627107620328e-01 1.393925188481807687e-01 1.503725191950797957e-01 1.161043345928192139e-01 2.900069421529770097e-01 1.596983741223812203e-01 2.197588515281677368e-01 1.493179191648960069e-01 1.618911041319370248e-01 1.331469455361366239e-01 6.748033493757248091e-02 1.201280571520328549e-01 8.381352648138999661e-02 1.014182320237159707e-01 1.578353808820247561e-01 1.452511350810527790e-01 3.107586041092872536e-02 1.175581687688827537e-01 9.155402198433876260e-02
8.614945642650127799e-02 7.120255224406719929e-02 8.802176073193550276e-02 1.588126927614212092e-01 1.011206221580505382e-01 4.212322685867547767e-02 1.315966618061065740e-01 9.639867871999741045e-02 8.240624763071537073e-02 7.296946883201599343e-02 2.645143359899521096e-01 1.669707921147346452e-01 2.534721127152442799e-01 1.416783250868320632e-01 2.354568690061569214e-01 1.000000119209289551e+00 1.052597606182098383e-01 2.119196575880050726e-01 1.486363583803176902e-01 1.655667775869369418e-01 1.145411886274814578e-01 1.265719452500343456e-01 9.770012810826302074e-02 1.487314884364605017e-01 1.570194837450981096e-01 9.578187659382819685e-02 9.540593445301055742e-02 4.492357987910509248e-02 1.040703767538070645e-01 1.108200326561927795e-01 4.456072371453046604e-02 9.595107063651085733e-02 9.299400717020034346e-02 9.243646770715713279e-02 7.013922631740569791e-02 8.578982442617416604e-02
1.826159515976905900e-01 2.374960920214652937e-01 7.065713495016098800e-02 2.262547966837883118e-01 7.422220580279827173e-02 1.703613163530826591e-01 3.978133909404277940e-02 6.726219899952411152e-02 2.361107569932937578e-01 2.005789524316787809e-01 1.634668713808059837e-01 2.487711779773235307e-02 6.890964366495609672e-02 1.496712577342987072e-01 1.067456528544425964e-01 1.052597606182098383e-01 1.000000000000000000e+00 3.581985831260681152e-01 1.180929325520992251e-01 1.731552325189113783e-01 1.737287407740950584e-02 1.059164574742317289e-01 2.340527075529098555e-01 1.374825285375118333e-01 1.261852635443210524e-01 1.407281030714511993e-01 1.284411573410034202e-01 2.696738593280315413e-02 6.821997657418250871e-02 1.100340938568115240e-01 7.703620702028274314e-02 1.790440709888935222e-01 1.141450524330139132e-01 9.353581018745898978e-02 1.868725138902664340e-01 8.457853116095066792e-02
1.427120885252952665e-01 1.258018404245376531e-01 1.757880322635173853e-01 1.457897196710109811e-01 1.426285700500011522e-01 1.304179716110229481e-01 7.944664843380451480e-02 9.797762423753739180e-02 2.315392822027206587e-01 9.176524490118026511e-02 2.389615377783775307e-01 1.582178746163845073e-01 2.104510220885276728e-01 1.612734299898147539e-01 1.105180627107620328e-01 2.119196575880050726e-01 3.581985831260681152e-01 9.999999403953552246e-01 1.185630409419536624e-01 2.293826031684875477e-01 1.731188258528709445e-01 9.223656952381134588e-02 1.452299772202968742e-01 1.446081610023975395e-01 7.785690024495124650e-02 6.382371388375759902e-02 1.899561688303947476e-02 9.637638494372367803e-02 7.384763479232787919e-02 1.344540745019912886e-01 3.619781248271465579e-02 1.602359260618686776e-01 1.674595570564270108e-01 1.159744730591774076e-01 6.116907358169555720e-02 1.091248795390129117e-01
1.888663783669471685e-01 1.590235140919685486e-01 1.921042194962501448e-01 7.633135423064231484e-02 1.005995237827300992e-01 1.262167249619960685e-01 3.170394137501716947e-02 1.081915929913520868e-01 1.296566672623157557e-01 7.251595169305800892e-02 1.845552921295166016e-01 1.819099858403205872e-02 8.696510113775730855e-02 1.769249689579009965e-01 1.393925188481807687e-01 1.486363583803176902e-01 1.180929325520992251e-01 1.185630409419536624e-01 1.000000238418579102e+00 4.325054287910461426e-01 1.686035272479057268e-01 1.101236590743064903e-01 1.072971799969673207e-01 7.215771377086639682e-02 1.310539466142654486e-01 1.060428079962730391e-01 7.361319445073605250e-02 0.000000000000000000e+00 1.487856796383857649e-01 5.920280382037163003e-02 3.716953083872795438e-02 1.534512633085250988e-01 1.852323953062295914e-02 1.791724982857704207e-01 1.754187220335006736e-01 1.196317538619041526e-01
1.906920011341571852e-01 1.287931534647941689e-01 2.377712589502334606e-01 1.326108393073081870e-01 1.881091931462287870e-01 1.272484919428825412e-01 1.642129814252257444e-02 1.761578014492988509e-01 1.630971825122833341e-01 9.830258786678314209e-02 2.661029884219169861e-01 1.337014099955558810e-01 1.000366604328155606e-01 2.016444182395935036e-01 1.503725191950797957e-01 1.655667775869369418e-01 1.731552325189113783e-01 2.293826031684875477e-01 4.325054287910461426e-01 1.000000000000000000e+00 1.676008924841880798e-01 1.215976449847221419e-01 1.108036020398140004e-01 1.055378304421901725e-01 1.569298955798149042e-01 1.834347516298294178e-01 8.656190849840640633e-02 2.393950846046209377e-02 1.633881604671478249e-01 1.184925223886966750e-01 4.776077270507812778e-02 1.125257417559623746e-01 6.680313423275947501e-03 1.145150969922542616e-01 9.835277467966080378e-02 2.193132054805755626e-01
1.275053580105304785e-01 6.799264430999756026e-02 7.059169933199882507e-02 5.362295158207416867e-02 1.280012941360473555e-01 1.597837628424167711e-01 6.032147407531738420e-02 9.395769953727722834e-02 1.753354215621948375e-01 9.138639986515045832e-02 1.383390203118324280e-01 1.548693104088306460e-01 1.470245286822318975e-01 3.846098646521568104e-02 1.161043345928192139e-01 1.145411886274814578e-01 1.737287407740950584e-02 1.731188258528709445e-01 1.686035272479057268e-01 1.676008924841880798e-01 1.000000000000000000e+00 1.783387660980224609e-01 1.195991794764995619e-01 1.076241171360015902e-01 9.874105125665665061e-02 1.521624810993671417e-02 5.907495021820068776e-02 3.016358543187380031e-02 6.090977504849433982e-02 3.289521843194961881e-02 7.952519297599792980e-02 1.177861435711383825e-01 5.030657738447189692e-02 1.043194749951362604e-01 6.177284136414527838e-02 1.601987965404987318e-03
2.662608462572098045e-01 1.151692581176757824e-01 5.294011719524860382e-02 1.291502210497856296e-01 1.168866820633411435e-01 6.667623296380043030e-02 1.974341186881065358e-01 9.081766188144684004e-02 1.776044644415378515e-01 1.299226436018943720e-01 1.828377534449100450e-01 1.614835858345031738e-01 2.299378019571304277e-01 2.257169005274772822e-01 2.900069421529770097e-01 1.265719452500343456e-01 1.059164574742317289e-01 9.223656952381134588e-02 1.101236590743064903e-01 1.215976449847221419e-01 1.783387660980224609e-01 1.000000000000000000e+00 3.974298989772796498e-01 2.968773722648620494e-01 2.123373073339462347e-01 1.945412975549697943e-01 1.038823769986629564e-01 9.389360062777996063e-02 2.089101698994636491e-01 1.177055738866329276e-01 1.056516399979591375e-01 1.571197311580181111e-01 1.133213645219802862e-01 1.483127257227897788e-01 1.220373246073722800e-01 7.395374536514282005e-02
3.087280461192131176e-01 2.332752364873886264e-01 7.509990133345127716e-02 1.876641437411308289e-01 1.477082580327987726e-01 2.334343335032462996e-01 2.376210427284240756e-01 9.452690795063972695e-02 3.551266610622406117e-01 1.373746280372142858e-01 2.478324872255325273e-01 1.393924614787101779e-01 1.791358506679534834e-01 1.630105431377887881e-01 1.596983741223812203e-01 9.770012810826302074e-02 2.340527075529098555e-01 1.452299772202968742e-01 1.072971799969673207e-01 1.108036020398140004e-01 1.195991794764995619e-01 3.974298989772796498e-01 1.000000238418579102e+00 2.640277969837188654e-01 2.152150288224220220e-01 2.459452611207962047e-01 2.086409235000610263e-01 6.098947271704673739e-02 1.848904904723167597e-01 1.486683017015457131e-01 1.290052369236946161e-01 1.933807820081710760e-01 1.778509581089019742e-01 1.051993964612484012e-01 1.407592546939849809e-01 7.863222569227218406e-02
1.023176591098308580e-01 1.342169550061226013e-01 4.124533340334892578e-02 1.511535815894603785e-01 1.723648647964000635e-01 1.267821928858756941e-01 2.660620495676994657e-01 1.012932354211807245e-01 1.709726339578628573e-01 1.007698652148246721e-01 2.897955930233001576e-01 1.555251352488994654e-01 2.044662389159202509e-01 2.390511259436607361e-01 2.197588515281677368e-01 1.487314884364605017e-01 1.374825285375118333e-01 1.446081610023975395e-01 7.215771377086639682e-02 1.055378304421901725e-01 1.076241171360015902e-01 2.968773722648620494e-01 2.640277969837188654e-01 1.000000000000000000e+00 3.576784729957580566e-01 1.446032616496086276e-01 8.646287158131599204e-02 1.344080297648906630e-01 1.812997123599052463e-01 2.002996319532394376e-01 1.013871721923351316e-01 2.533113175630569702e-01 1.578178487718105427e-01 1.798625841736793685e-01 8.120668068528175132e-02 1.341776913404464644e-01
1.764454749226570252e-01 1.651361623406410184e-01 9.582204096019268647e-02 2.207547855377197388e-01 6.988825783133506553e-02 1.578971219062805242e-01 1.029791520535945915e-01 1.069119898974895538e-01 1.932420396804809537e-01 5.695898056030273410e-02 1.532928432524204299e-01 5.678755484521388897e-02 1.633813564479351110e-01 1.424520441889762790e-01 1.493179191648960069e-01 1.570194837450981096e-01 1.261852635443210524e-01 7.785690024495124650e-02 1.310539466142654486e-01 1.569298955798149042e-01 9.874105125665665061e-02 2.123373073339462347e-01 2.152150288224220220e-01 3.576784729957580566e-01 1.000000119209289551e+00 1.576072913408279319e-01 1.564738771319389432e-01 6.191767632961273082e-02 2.366902345418930020e-01 1.770199957489967391e-01 1.427942416071891762e-01 1.171618260443210574e-01 1.080226054787635781e-01 7.185911715030669777e-02 8.557755738496780618e-02 2.911618527024984263e-02
1.383789838850498222e-01 1.193438738584518405e-01 3.875809434801340270e-02 1.368087126314640189e-01 1.791809430718422080e-01 7.949929639697074502e-02 1.454025790095329340e-01 1.073947310447692927e-01 1.076343518495559703e-01 1.225760583579540292e-01 1.568420514464378412e-01 1.566539484262466364e-01 1.599349887669086479e-01 1.785578188300132874e-01 1.618911041319370248e-01 9.578187659382819685e-02 1.407281030714511993e-01 6.382371388375759902e-02 1.060428079962730391e-01 1.834347516298294178e-01 1.521624810993671417e-02 1.945412975549697943e-01 2.459452611207962047e-01 1.446032616496086276e-01 1.576072913408279319e-01 1.000000119209289551e+00 1.996297836303710938e-01 3.731955289840698242e-01 1.512591643631458205e-01 4.969305908679962358e-01 4.272447669506073131e-01 1.766126266121864352e-01 3.561871242523193537e-01 2.328713783621788047e-01 1.309580019116401706e-01 2.153274959325790494e-01
1.436678868532180742e-01 1.488339617848396246e-01 8.296350598335265614e-02 1.746611811220646071e-01 1.043000726401805967e-01 1.726058624684810583e-01 4.718847207725047899e-02 1.251878723502159174e-01 1.243895646929740889e-01 1.524767051637172799e-01 8.835955217480659374e-02 7.178599976003170735e-02 1.750319944322109300e-01 1.564479231834411677e-01 1.331469455361366239e-01 9.540593445301055742e-02 1.284411573410034202e-01 1.899561688303947476e-02 7.361319445073605250e-02 8.656190849840640633e-02 5.907495021820068776e-02 1.038823769986629564e-01 2.086409235000610263e-01 8.646287158131599204e-02 1.564738771319389432e-01 1.996297836303710938e-01 1.000000238418579102e+00 1.053272262215614319e-01 7.450001172721386344e-02 7.678077518939972756e-02 1.395501242578029710e-01 5.448678664863109561e-02 8.401001691818237027e-02 1.530558528378605891e-02 1.503381434082984858e-01 0.000000000000000000e+00
0.000000000000000000e+00 0.000000000000000000e+00 0.000000000000000000e+00 0.000000000000000000e+00 7.200828064233064443e-03 0.000000000000000000e+00 5.009774103760719632e-02 1.153546948917210171e-02 6.429518479853868831e-03 1.994044760242104711e-02 1.536728012561798251e-01 2.195309799909591630e-01 1.484761598706245411e-01 1.648994100093841564e-01 6.748033493757248091e-02 4.492357987910509248e-02 2.696738593280315413e-02 9.637638494372367803e-02 0.000000000000000000e+00 2.393950846046209377e-02 3.016358543187380031e-02 9.389360062777996063e-02 6.098947271704673739e-02 1.344080297648906630e-01 6.191767632961273082e-02 3.731955289840698242e-01 1.053272262215614319e-01 9.999999403953552246e-01 4.300317414104938563e-02 3.909119927883148438e-01 4.691660618782043657e-01 1.278843522071838323e-01 4.509971964359283381e-01 2.471731743216514510e-01 8.506716415286064148e-02 7.204621620476246713e-02
1.541841238737106379e-01 8.010568022727966586e-02 1.188303253054618924e-01 1.131008592247963046e-01 1.278242978453636158e-01 4.978552490472793607e-02 1.947439724206924405e-01 2.422140425443649325e-01 1.943450939655304022e-01 1.491717761754989546e-01 2.176378563046455494e-01 0.000000000000000000e+00 1.617857049405574954e-01 1.546959283947944574e-01 1.201280571520328549e-01 1.040703767538070645e-01 6.821997657418250871e-02 7.384763479232787919e-02 1.487856796383857649e-01 1.633881604671478249e-01 6.090977504849433982e-02 2.089101698994636491e-01 1.848904904723167597e-01 1.812997123599052463e-01 2.366902345418930020e-01 1.512591643631458205e-01 7.450001172721386344e-02 4.300317414104938563e-02 1.000000238418579102e+00 2.000529617071151733e-01 1.555885374546051025e-01 2.796354889869689941e-01 2.364854365587234497e-01 9.610687196254730225e-02 7.844408825039864142e-02 5.400094754993915724e-02
6.852139577269554527e-02 6.339126855134964711e-02 9.382256288081407963e-03 8.796711631119251418e-02 6.899596750736236572e-02 4.432560354471206526e-02 1.072369076311588260e-01 2.066735608503222563e-02 8.818754702806473611e-02 1.006934031844139155e-01 1.447565528750419661e-01 1.293532516062259607e-01 1.484330180287361245e-01 1.668818350136280215e-01 8.381352648138999661e-02 1.108200326561927795e-01 1.100340938568115240e-01 1.344540745019912886e-01 5.920280382037163003e-02 1.184925223886966750e-01 3.289521843194961881e-02 1.177055738866329276e-01 1.486683017015457131e-01 2.002996319532394376e-01 1.770199957489967391e-01 4.969305908679962358e-01 7.678077518939972756e-02 3.909119927883148438e-01 2.000529617071151733e-01 1.000000000000000000e+00 5.257868170738220215e-01 3.360803127288818359e-01 6.147435903549194336e-01 4.692504405975341797e-01 1.355682814121246249e-01 2.393571346998214777e-01
5.121604412794113215e-02 7.784019425511359835e-02 0.000000000000000000e+00 8.586045771837234886e-02 4.160304352641105985e-02 7.385848909616470059e-02 7.903600350022316201e-02 6.575698472559451946e-02 8.737749010324478982e-02 6.272157177329062971e-02 9.689251512289047408e-02 2.172477209568023648e-01 1.965971899032592785e-01 1.564012703299522411e-01 1.014182320237159707e-01 4.456072371453046604e-02 7.703620702028274314e-02 3.619781248271465579e-02 3.716953083872795438e-02 4.776077270507812778e-02 7.952519297599792980e-02 1.056516399979591375e-01 1.290052369236946161e-01 1.013871721923351316e-01 1.427942416071891762e-01 4.272447669506073131e-01 1.395501242578029710e-01 4.691660618782043657e-01 1.555885374546051025e-01 5.257868170738220215e-01 1.000000238418579102e+00 1.411926448345184326e-01 6.238507628440856934e-01 2.772089838981628418e-01 1.015864622592926036e-01 6.987160921096802202e-02
1.619033238291740506e-01 1.469267481565475486e-01 1.725174102187156666e-01 1.871025884151458762e-01 2.294480502605438232e-01 1.846717292070388927e-01 1.793364602327346957e-01 1.576015084981918501e-01 2.434016364812850997e-01 1.687936496734619152e-01 2.367141461372375411e-01 6.327607639133930872e-02 8.771472506225108656e-02 1.274795991182327282e-01 1.578353808820247561e-01 9.595107063651085733e-02 1.790440709888935222e-01 1.602359260618686776e-01 1.534512633085250988e-01 1.125257417559623746e-01 1.177861435711383825e-01 1.571197311580181111e-01 1.933807820081710760e-01 2.533113175630569702e-01 1.171618260443210574e-01 1.766126266121864352e-01 5.448678664863109561e-02 1.278843522071838323e-01 2.796354889869689941e-01 3.360803127288818359e-01 1.411926448345184326e-01 9.999998211860656738e-01 2.526851594448089600e-01 2.912025153636932373e-01 1.820561861991882302e-01 2.408893585205078292e-01
5.407964125275611933e-02 5.279866129159927618e-02 0.000000000000000000e+00 8.368893720209598375e-02 4.313204891979694616e-02 9.210938140749931613e-02 1.077336354553699582e-01 1.048728408291936011e-02 1.052246963977813698e-01 5.350989356637000927e-02 2.056942898035049594e-01 1.859273977577686476e-01 2.826229634881019526e-01 2.379832965135574296e-01 1.452511350810527790e-01 9.299400717020034346e-02 1.141450524330139132e-01 1.674595570564270108e-01 1.852323953062295914e-02 6.680313423275947501e-03 5.030657738447189692e-02 1.133213645219802862e-01 1.778509581089019742e-01 1.578178487718105427e-01 1.080226054787635781e-01 3.561871242523193537e-01 8.401001691818237027e-02 4.509971964359283381e-01 2.364854365587234497e-01 6.147435903549194336e-01 6.238507628440856934e-01 2.526851594448089600e-01 1.000000000000000000e+00 3.352395594120025635e-01 1.125352191925048789e-01 6.114963680505752786e-02
1.312026712298393349e-01 1.544276458024978760e-01 5.798534907400608451e-02 5.466580808162689598e-02 1.159835833311081005e-01 6.206399716436863251e-02 1.062313929200172508e-01 7.029563844203949585e-02 9.478891432285309337e-02 5.013365432620048301e-02 1.352834075689315907e-01 8.862330257892608865e-02 9.556746393442154541e-02 1.472545343637466364e-01 3.107586041092872536e-02 9.243646770715713279e-02 9.353581018745898978e-02 1.159744730591774076e-01 1.791724982857704207e-01 1.145150969922542616e-01 1.043194749951362604e-01 1.483127257227897788e-01 1.051993964612484012e-01 1.798625841736793685e-01 7.185911715030669777e-02 2.328713783621788047e-01 1.530558528378605891e-02 2.471731743216514510e-01 9.610687196254730225e-02 4.692504405975341797e-01 2.772089838981628418e-01 2.912025153636932373e-01 3.352395594120025635e-01 1.000000000000000000e+00 2.434681391716003451e-01 1.894703756272792805e-01
2.026992821693420488e-01 1.538858485221862860e-01 1.003360716998577123e-01 1.021337670087814342e-01 9.141265213489532804e-02 1.121774172782897955e-01 1.062333434820175249e-03 8.617337375879287331e-02 1.917701226472854625e-01 6.121846295893192125e-02 1.568185070157050998e-01 3.013945009559393026e-02 1.036374437808990495e-01 1.331908676028251692e-01 1.175581687688827537e-01 7.013922631740569791e-02 1.868725138902664340e-01 6.116907358169555720e-02 1.754187220335006736e-01 9.835277467966080378e-02 6.177284136414527838e-02 1.220373246073722800e-01 1.407592546939849809e-01 8.120668068528175132e-02 8.557755738496780618e-02 1.309580019116401706e-01 1.503381434082984858e-01 8.506716415286064148e-02 7.844408825039864142e-02 1.355682814121246249e-01 1.015864622592926036e-01 1.820561861991882302e-01 1.125352191925048789e-01 2.434681391716003451e-01 1.000000119209289551e+00 2.739785909652709961e-01
1.073866419494152041e-01 2.885786201804876536e-02 1.617186515033245120e-01 6.167429782450199044e-02 8.160365447402000150e-02 9.486401095986365939e-02 6.858843199908733201e-02 5.644309133291244840e-02 8.355754390358925698e-02 2.446288727223873069e-02 1.343046844005584828e-01 6.008379809558391654e-02 1.906569655984640191e-03 4.532763592898846061e-02 9.155402198433876260e-02 8.578982442617416604e-02 8.457853116095066792e-02 1.091248795390129117e-01 1.196317538619041526e-01 2.193132054805755626e-01 1.601987965404987318e-03 7.395374536514282005e-02 7.863222569227218406e-02 1.341776913404464644e-01 2.911618527024984263e-02 2.153274959325790494e-01 0.000000000000000000e+00 7.204621620476246713e-02 5.400094754993915724e-02 2.393571346998214777e-01 6.987160921096802202e-02 2.408893585205078292e-01 6.114963680505752786e-02 1.894703756272792805e-01 2.739785909652709961e-01 1.000000000000000000e+00
