9.999999403953552246e-01 2.341526150703430176e-01 3.391312956809997559e-01 4.920015037059783936e-01 1.355727562308311485e-01 4.645589262247085682e-01 1.658412790298461892e-01 1.331434574723243669e-01 9.848948612809181602e-02 4.059890855103730906e-02 0.000000000000000000e+00 2.099757045507431030e-01 2.070582145452499467e-01 6.289525210857391246e-02 0.000000000000000000e+00 7.060460746288300211e-04 1.496993687748909008e-01 9.250995799899101868e-02 1.353041638433933325e-01 2.120852029323578025e-01 4.782843999564647362e-03 0.000000000000000000e+00 1.702312138676643494e-01 2.988858544826507591e-01 1.379353801906108845e-01 1.034803202748298678e-01 2.743007645010948209e-02 1.672109636664390608e-01 6.069309973716735529e-01 4.125884735584259277e-01 1.522571980953216497e-01 5.137533849477767811e-01 2.969171637296676436e-01 1.374353019893169436e-01 2.867512935400008955e-01 1.301761592924594868e-01 2.018681132793426480e-01 9.115918807685374770e-02 4.029464554786681973e-01
2.341526150703430176e-01 9.999998211860656738e-01 1.254944801330566406e-01 1.432823836803436279e-01 2.492495590448379483e-01 1.926362639665603615e-01 1.856310155987739574e-01 2.314440259337425254e-01 1.537554706633091073e-01 1.026707223057746893e-01 1.101671107113361414e-01 2.495512306690216009e-01 3.072067224979400657e-01 1.319939339160919323e-01 1.066645209491252910e-01 3.992023918777704017e-02 1.286260706186294622e-01 2.468095895648002580e-01 1.547057041525840837e-01 2.626851218938827670e-01 1.016443021595478113e-01 1.411194661259651262e-01 2.912346488237381181e-01 2.201725083589553822e-01 9.839908331632614413e-02 1.013997590541839688e-01 5.779258191585540799e-02 2.745803833007812722e-01 5.389181360602379040e-02 1.281067048013210252e-01 2.770294171571731634e-01 2.433855041861534285e-01 3.234292942285537653e-01 2.323394027352333191e-01 4.208019459247589467e-01 1.971797883510589544e-01 2.023673653602600098e-01 9.731671646237373408e-02 7.999605864286422896e-02
3.391312956809997559e-01 1.254944801330566406e-01 1.000000238418579102e+00 3.167369961738586426e-01 2.120283268392086223e-02 3.311999660730362005e-01 2.172952228784561235e-01 1.533719098567962735e-01 8.597838640213012473e-02 1.222644159197807390e-01 7.404238693416119454e-02 1.859306219220161482e-01 1.922809289395809307e-01 7.058470025658607205e-02 0.000000000000000000e+00 1.866703324019908933e-02 1.769405390322208449e-01 3.048640057444572393e-02 2.506547898054122814e-01 1.715209598839282923e-01 4.766749281436204883e-02 1.972788310050964389e-01 2.196134543418884200e-01 2.550874304771423295e-01 1.017531549930572599e-01 8.147433221340179277e-02 5.798921003937721613e-02 1.569922561943531136e-01 2.487875741720199652e-01 1.986242368817329462e-01 1.913016779720783378e-01 3.320572495460510365e-01 1.252161669731140237e-01 2.927912661433220154e-01 2.345051461458206310e-01 2.745141789317130931e-01 1.836111627519130818e-01 4.265775370597839622e-01 2.725955143570900074e-01
4.920015037059783936e-01 1.432823836803436279e-01 3.167369961738586426e-01 1.000000119209289551e+00 1.359305351972580067e-01 3.323976799845695385e-01 1.722661778330802917e-01 1.379988767206668798e-01 1.595258526504039764e-01 8.017515465617179593e-02 5.647202849388122808e-02 1.662828862667083685e-01 1.848928081989288374e-01 8.193760789930820687e-02 6.961151324212551394e-03 1.699700795114040403e-02 1.437322898209094924e-01 3.169301249086856759e-02 1.583788992464542356e-01 5.201769642531871990e-02 9.212634842842817168e-03 3.951653309166431455e-02 1.558943077921867426e-01 3.163491213321685813e-01 7.587811820209026947e-02 7.776697933673858143e-02 5.731103405356407360e-02 1.273239327967166934e-01 3.922518223524093517e-01 2.847519674897193709e-01 2.910780990123748579e-01 3.738447359204292164e-01 1.950027087330818143e-01 2.649067661166191190e-01 1.595680880546569980e-01 1.037853881716728210e-01 1.276230227947235119e-01 1.378540876507759194e-01 3.344028347730636508e-01
1.355727562308311485e-01 2.492495590448379483e-01 2.120283268392086223e-02 1.359305351972580067e-01 1.000000238418579102e+00 1.284969747066497803e-01 2.144951522350311279e-01 1.196471174061298354e-01 6.097718991339207140e-02 1.642135350406170036e-01 7.424464300274849493e-02 1.221666124463081371e-01 1.492704287171363886e-01 1.413668318092823062e-01 1.165322190523147561e-01 1.283146920800209145e-01 6.237165816128253763e-03 1.464573282003402699e-01 5.735613793134689692e-02 1.292833411693573020e-01 4.404198322445154051e-02 5.227272093296050914e-02 1.634878227114677507e-01 2.267778456211090032e-01 5.016792684793472401e-02 7.431172512471675984e-02 1.098097562789916992e-01 1.786470972001552582e-01 1.113876003026962325e-01 1.449022598564624897e-01 1.892244097590446428e-01 1.702205660939216658e-01 2.312824276089668341e-01 1.652110180258750949e-01 1.556107878684997725e-01 1.087095475196838412e-01 1.085872472822666246e-01 3.147792574018239836e-02 5.250663921236992104e-02
4.645589262247085682e-01 1.926362639665603615e-01 3.311999660730362005e-01 3.323976799845695385e-01 1.284969747066497803e-01 1.000000000000000000e+00 1.013709530234336853e-01 1.157357357442378998e-01 1.263133236765861533e-01 2.152152439579367582e-02 4.851771984249353409e-03 1.848441588878631525e-01 2.072444587945938277e-01 2.442765668034553583e-02 2.140971703454852201e-02 3.220094170421362173e-02 1.952884545922279336e-01 1.999482095241546797e-01 2.005652296543121438e-01 1.468967898190021437e-01 0.000000000000000000e+00 3.655858039855957187e-03 1.578494364023208529e-01 2.897417804598808599e-01 1.162855303287506081e-01 1.447967688739299763e-01 2.376143075525760651e-02 2.105395317077636830e-01 4.132624042034149237e-01 2.898735696077346935e-01 1.626233336329460100e-01 5.256198698282241732e-01 1.383892989158630460e-01 1.541793048381805420e-01 2.271631389856338668e-01 2.727331781387329346e-01 2.545552253723144531e-01 1.635977655649185347e-01 3.167966490983963324e-01
1.658412790298461892e-01 1.856310155987739574e-01 2.172952228784561235e-01 1.722661778330802917e-01 2.144951522350311279e-01 1.013709530234336853e-01 9.999999403953552246e-01 8.359645187854766735e-02 1.297548952698707736e-01 7.535124845802784743e-02 6.827675513923169015e-02 7.893011666834354179e-02 1.866650199890136641e-01 1.351616007089614935e-01 1.726580113172531197e-02 4.607747498899698174e-02 8.500681146979331693e-02 9.089673995971679632e-02 1.800720286369323908e-01 1.589564836025238181e-01 9.490952789783478616e-02 2.523049193620681696e-01 1.757514420151710666e-01 2.576804846525192483e-01 5.860976986587047854e-02 1.047471529245376648e-01 1.642347961664199774e-01 8.422631129622459856e-02 1.368452569842338595e-01 1.157828246057033550e-01 3.325608158111572066e-01 1.184199729561805775e-01 3.696981394290924094e-01 2.891952559351921304e-01 2.256554004549980175e-01 1.107839357852935802e-01 6.929220050573349499e-02 1.336121775209903884e-01 8.487109825015068387e-02
1.331434574723243669e-01 2.314440259337425254e-01 1.533719098567962735e-01 1.379988767206668798e-01 1.196471174061298354e-01 1.157357357442378998e-01 8.359645187854766735e-02 1.000000238418579102e+00 2.059373855590820312e-01 2.858228087425231934e-01 2.854537665843963623e-01 2.753244042396545410e-01 2.120255616307258617e-01 1.494675961136817943e-01 1.335963435471057836e-01 3.688196349889039799e-02 1.084508456289768191e-01 1.315600600838661149e-01 1.582226821780204906e-01 1.546418404579162631e-01 9.661475509405136053e-02 2.488769672811031244e-02 1.914840210974216583e-01 1.839969494938850370e-01 1.368162739276886086e-01 1.378303940594196308e-01 6.422092288732528242e-02 2.069790446758270341e-01 1.540505333244800712e-01 1.073192901909351404e-01 2.327283906936645497e-01 2.364927458763122492e-01 1.299385923147201582e-01 3.670133170485496699e-01 2.930617976188659712e-01 1.778629368543624967e-01 2.815796881914138794e-01 8.245965287089347673e-02 1.002269205451011697e-01
9.848948612809181602e-02 1.537554706633091073e-01 8.597838640213012473e-02 1.595258526504039764e-01 6.097718991339207140e-02 1.263133236765861533e-01 1.297548952698707736e-01 2.059373855590820312e-01 9.999999403953552246e-01 1.303875148296356201e-01 1.485777199268341064e-01 2.682617604732513428e-01 1.597694319486618053e-01 0.000000000000000000e+00 1.146919326484203416e-01 1.122572755813598666e-01 1.221747417002916336e-02 9.748159632086754456e-02 1.508459091186523382e-01 6.918588340282440241e-02 9.753067016601563166e-02 7.439285129308700895e-02 1.348461833596229509e-01 1.158844488859176597e-01 1.349180787801742554e-01 9.321720883250236844e-02 6.291428156197070853e-02 1.661149199306964919e-01 1.377968099713325623e-01 8.581320248544216378e-02 1.958698597550392329e-01 1.341180041432380732e-01 1.153189694881439215e-01 3.083541578054428411e-01 2.214963203668594283e-01 4.750846751034260018e-02 7.497130192816257865e-02 1.007567161321639981e-01 7.330933704972267262e-02
4.059890855103730906e-02 1.026707223057746893e-01 1.222644159197807390e-01 8.017515465617179593e-02 1.642135350406170036e-01 2.152152439579367582e-02 7.535124845802784743e-02 2.858228087425231934e-01 1.303875148296356201e-01 9.999997615814208984e-01 4.726997613906860352e-01 1.553734838962554932e-01 4.108946628868580253e-02 8.560531847178935727e-02 1.321426241099834531e-01 4.850841738283634408e-02 4.876579403877258356e-02 1.145127677917480435e-01 1.483483292162418310e-01 1.081385147571563704e-01 1.840338036417961121e-01 0.000000000000000000e+00 1.224278156459331496e-01 1.413030713796615545e-01 1.191655007004737837e-01 1.278041726350784280e-01 6.986359469592572091e-02 1.714914490282535564e-01 7.603569492697716259e-02 7.018094539642334706e-02 1.521630662679672175e-01 6.593606352806091753e-02 1.068643732368946137e-01 2.169465541839599720e-01 1.400771890580654044e-01 9.014001943171023878e-02 1.709525087475776695e-01 3.335816998034715763e-02 1.935057900846004573e-03
0.000000000000000000e+00 1.101671107113361414e-01 7.404238693416119454e-02 5.647202849388122808e-02 7.424464300274849493e-02 4.851771984249353409e-03 6.827675513923169015e-02 2.854537665843963623e-01 1.485777199268341064e-01 4.726997613906860352e-01 1.000000119209289551e+00 5.937754362821578979e-02 5.657093346118927113e-02 3.180008687078952900e-02 6.690472409129143150e-02 1.029002231359481823e-01 0.000000000000000000e+00 6.671997144818306302e-02 6.469958506524563224e-02 3.363579232245683670e-02 0.000000000000000000e+00 0.000000000000000000e+00 4.352768026292324482e-02 6.558320686221122409e-02 1.497993752360343885e-02 7.924942366778850444e-02 2.792481068521738066e-02 1.531714838743209739e-01 0.000000000000000000e+00 4.018027205020189424e-02 1.346806150674819957e-01 4.123602233827114438e-02 8.516681492328644076e-02 2.325204378366470259e-01 1.505374220013618591e-01 8.640421703457833169e-02 1.348819474875926905e-01 7.640480436384677583e-04 2.715921223163604917e-02
2.099757045507431030e-01 2.495512306690216009e-01 1.859306219220161482e-01 1.662828862667083685e-01 1.221666124463081371e-01 1.848441588878631525e-01 7.893011666834354179e-02 2.753244042396545410e-01 2.682617604732513428e-01 1.553734838962554932e-01 5.937754362821578979e-02 9.999998211860656738e-01 2.935103350877761863e-01 1.196114221215248130e-01 6.117265917360782679e-02 1.263928148150444131e-01 4.078335426747799197e-03 8.989396177232265861e-02 5.903040856122970803e-02 3.699822330474853427e-01 1.252086400985717718e-01 1.750651998817920607e-01 3.038351416587829479e-01 1.802929584681987885e-01 3.225461944937706160e-02 4.156402654945850345e-02 1.316676106303930373e-02 2.272662892937660217e-01 1.814629285037517581e-01 8.923260651528835963e-02 1.184518015384674050e-01 2.990328580141067838e-01 1.633980280160904075e-01 2.283132132887840393e-01 2.977111572027206221e-01 8.420487806200981085e-02 1.312751977145671933e-01 1.693116959929466259e-01 9.559501849114894478e-02
2.070582145452499467e-01 3.072067224979400657e-01 1.922809289395809307e-01 1.848928081989288374e-01 1.492704287171363886e-01 2.072444587945938277e-01 1.866650199890136641e-01 2.120255616307258617e-01 1.597694319486618053e-01 4.108946628868580253e-02 5.657093346118927113e-02 2.935103350877761863e-01 9.999997615814208984e-01 3.924804925918579102e-01 4.451623558998107910e-02 1.694419682025909424e-01 1.539097945392131905e-01 1.007163968682289190e-01 1.760560968518257163e-01 2.312545689940452565e-01 1.178657838702201893e-01 1.351358303427696306e-01 2.317000544071197432e-01 2.178290802240371860e-01 1.566922368109226193e-01 1.091058558225631719e-01 5.516540437936783003e-02 2.903815877437591619e-01 1.388953205943107561e-01 7.924268275499343761e-02 2.220044532418251060e-01 1.861387009918689661e-01 1.798029887676239058e-01 2.413925576210022017e-01 2.496790498495101984e-01 1.620766025781631425e-01 1.751808223128318853e-01 1.793354849517345417e-01 1.399768039584159962e-01
6.289525210857391246e-02 1.319939339160919323e-01 7.058470025658607205e-02 8.193760789930820687e-02 1.413668318092823062e-01 2.442765668034553583e-02 1.351616007089614935e-01 1.494675961136817943e-01 0.000000000000000000e+00 8.560531847178935727e-02 3.180008687078952900e-02 1.196114221215248130e-01 3.924804925918579102e-01 1.000000119209289551e+00 1.582496464252471924e-01 1.117156893014907837e-01 1.097273163497447940e-01 8.148780256509781383e-02 2.569673362374305658e-01 1.571712833642959495e-01 4.747212968766689745e-02 5.938315622508526237e-02 5.176908582448959406e-02 1.236434632539749195e-01 1.061160802841186607e-01 1.413618177175521851e-01 1.238912305235862765e-01 1.550468230247497581e-01 5.203718483448028370e-02 1.504335144162178006e-01 1.782188111543655529e-01 8.222655497491360155e-02 1.411837084591388847e-01 1.955790424346923739e-01 1.056716963648796082e-01 7.988240972161293751e-02 3.271324247121810969e-02 2.304998621344566540e-02 4.593574658036232022e-02
0.000000000000000000e+00 1.066645209491252910e-01 0.000000000000000000e+00 6.961151324212551394e-03 1.165322190523147561e-01 2.140971703454852201e-02 1.726580113172531197e-02 1.335963435471057836e-01 1.146919326484203416e-01 1.321426241099834531e-01 6.690472409129143150e-02 6.117265917360782679e-02 4.451623558998107910e-02 1.582496464252471924e-01 1.000000119209289551e+00 2.276680916547775269e-01 2.361751370131969646e-02 2.003353387117385864e-01 1.312991666793823231e-01 2.219171024858951694e-02 8.465798214077949191e-02 4.554867763072252725e-03 9.340260975062847359e-02 1.710427308455109499e-02 6.185797765851020619e-02 9.758823469281197038e-02 2.365056999027729048e-02 1.864269137382507380e-01 0.000000000000000000e+00 3.253369323909282435e-02 1.256882832944393180e-01 1.876716734841465950e-02 2.842576377093792087e-02 1.141574098169803597e-01 1.182324551045894623e-01 8.602751761674881648e-02 9.082566492259502855e-02 2.506789136677980631e-02 0.000000000000000000e+00
7.060460746288300211e-04 3.992023918777704017e-02 1.866703324019908933e-02 1.699700795114040403e-02 1.283146920800209145e-01 3.220094170421362173e-02 4.607747498899698174e-02 3.688196349889039799e-02 1.122572755813598666e-01 4.850841738283634408e-02 1.029002231359481823e-01 1.263928148150444131e-01 1.694419682025909424e-01 1.117156893014907837e-01 2.276680916547775269e-01 1.000000119209289551e+00 0.000000000000000000e+00 6.658542856574058144e-02 9.264870032668114097e-02 8.290892466902732849e-02 1.087945805490016932e-01 8.554240711033345157e-02 1.728530962020158671e-02 4.467312198132276924e-02 6.277479916810989324e-02 7.605023235082626620e-02 2.761628340929746586e-02 1.521844995021820190e-01 0.000000000000000000e+00 0.000000000000000000e+00 2.350246066227555317e-02 0.000000000000000000e+00 2.226758424192666966e-02 7.755701854825020058e-02 6.797336816787720448e-02 4.177775938063860162e-02 7.440184969455003981e-03 5.457994319498538777e-02 0.000000000000000000e+00
1.496993687748909008e-01 1.286260706186294622e-01 1.769405390322208449e-01 1.437322898209094924e-01 6.237165816128253763e-03 1.952884545922279336e-01 8.500681146979331693e-02 1.084508456289768191e-01 1.221747417002916336e-02 4.876579403877258356e-02 0.000000000000000000e+00 4.078335426747799197e-03 1.539097945392131905e-01 1.097273163497447940e-01 2.361751370131969646e-02 0.000000000000000000e+00 1.000000000000000000e+00 2.371512502431869507e-01 3.905949890613555908e-01 2.821708805859089036e-02 3.573111757636070196e-02 1.585213419049978298e-02 4.024862490594387221e-02 1.615406225621700276e-01 1.953737974166870062e-01 1.519254992902278889e-01 3.188859935849905347e-02 1.166798995435237851e-01 1.738329151272773876e-01 5.003159977495670596e-02 1.471759037673473491e-01 1.566950249671936191e-01 1.099291306734085094e-01 1.148277376592159310e-01 1.381714096665382363e-01 1.287091186642646823e-01 8.328291624784470507e-03 2.255447175353765543e-02 4.912365905940532795e-02
9.250995799899101868e-02 2.468095895648002580e-01 3.048640057444572393e-02 3.169301249086856759e-02 1.464573282003402699e-01 1.999482095241546797e-01 9.089673995971679632e-02 1.315600600838661149e-01 9.748159632086754456e-02 1.145127677917480435e-01 6.671997144818306302e-02 8.989396177232265861e-02 1.007163968682289190e-01 8.148780256509781383e-02 2.003353387117385864e-01 6.658542856574058144e-02 2.371512502431869507e-01 1.000000000000000000e+00 1.122339293360710144e-01 1.677202668786048900e-01 1.158749943971633944e-01 4.587827671319246597e-02 1.303008231520652871e-01 1.106078803539276151e-01 6.695837028324604090e-02 2.067324477434158425e-01 8.370359510183333906e-02 2.226530954241752736e-01 4.904154613614082614e-02 1.135717134177684773e-01 1.637222573161125350e-01 9.401049092411994934e-02 1.406446419656276758e-01 5.945138573646545355e-02 1.848165871202945842e-01 1.196121335029602106e-01 1.032898880541324588e-01 4.519261401146650731e-03 1.628006024286151113e-02
1.353041638433933325e-01 1.547057041525840837e-01 2.506547898054122814e-01 1.583788992464542356e-01 5.735613793134689692e-02 2.005652296543121438e-01 1.800720286369323908e-01 1.582226821780204906e-01 1.508459091186523382e-01 1.483483292162418310e-01 6.469958506524563224e-02 5.903040856122970803e-02 1.760560968518257163e-01 2.569673362374305658e-01 1.312991666793823231e-01 9.264870032668114097e-02 3.905949890613555908e-01 1.122339293360710144e-01 9.999997615814208984e-01 9.078007340431214212e-02 7.628402441740035622e-02 2.285336095839738887e-02 1.154936021566391052e-01 2.514536711573600591e-01 2.729143279790878229e-01 2.693578797578811690e-01 1.409114214777946461e-01 2.150784435868263178e-01 1.823957446217537026e-01 1.419308540225029114e-01 3.067766350507736273e-01 1.811802805960178453e-01 1.967351520061492998e-01 3.140818339586258223e-01 1.916000106930732805e-01 1.511988346278667350e-01 4.786441065371036668e-02 9.100911527872085349e-02 1.730027444660663799e-02
2.120852029323578025e-01 2.626851218938827670e-01 1.715209598839282923e-01 5.201769642531871990e-02 1.292833411693573020e-01 1.468967898190021437e-01 1.589564836025238181e-01 1.546418404579162631e-01 6.918588340282440241e-02 1.081385147571563704e-01 3.363579232245683670e-02 3.699822330474853427e-01 2.312545689940452565e-01 1.571712833642959495e-01 2.219171024858951694e-02 8.290892466902732849e-02 2.821708805859089036e-02 1.677202668786048900e-01 9.078007340431214212e-02 9.999999403953552246e-01 3.257532119750976562e-01 2.301213842630386308e-01 2.694214221835136702e-01 1.026966533064842257e-01 2.755981463938951548e-02 2.863180048763751956e-02 3.547505754977464676e-02 1.161678311228752231e-01 1.139418382942676555e-01 1.106466276943683658e-01 8.631179481744766235e-02 2.203678858280181951e-01 2.853713971376419245e-01 1.946919268369674827e-01 2.894929116964340410e-01 6.415507420897484381e-02 1.817489612102508589e-01 3.554614692926406916e-02 8.754510648548603780e-02
4.782843999564647362e-03 1.016443021595478113e-01 4.766749281436204883e-02 9.212634842842817168e-03 4.404198322445154051e-02 0.000000000000000000e+00 9.490952789783478616e-02 9.661475509405136053e-02 9.753067016601563166e-02 1.840338036417961121e-01 0.000000000000000000e+00 1.252086400985717718e-01 1.178657838702201893e-01 4.747212968766689745e-02 8.465798214077949191e-02 1.087945805490016932e-01 3.573111757636070196e-02 1.158749943971633944e-01 7.628402441740035622e-02 3.257532119750976562e-01 9.999998211860656738e-01 1.714447043836116735e-01 2.166123884916305586e-01 3.124686159193515791e-02 4.886411957442760717e-02 2.027293093502521501e-02 0.000000000000000000e+00 7.029501311480999826e-02 0.000000000000000000e+00 0.000000000000000000e+00 6.886745989322662354e-02 1.572666715830564610e-02 1.245812590420246196e-01 1.463125047087669439e-01 1.262586161494255177e-01 7.687251470983028079e-02 1.325966575741767961e-01 2.523633960634470014e-02 0.000000000000000000e+00
0.000000000000000000e+00 1.411194661259651262e-01 1.972788310050964389e-01 3.951653309166431455e-02 5.227272093296050914e-02 3.655858039855957187e-03 2.523049193620681696e-01 2.488769672811031244e-02 7.439285129308700895e-02 0.000000000000000000e+00 0.000000000000000000e+00 1.750651998817920607e-01 1.351358303427696306e-01 5.938315622508526237e-02 4.554867763072252725e-03 8.554240711033345157e-02 1.585213419049978298e-02 4.587827671319246597e-02 2.285336095839738887e-02 2.301213842630386308e-01 1.714447043836116735e-01 9.999998211860656738e-01 1.857315301895141602e-01 5.935345962643623352e-02 3.184660347178578602e-03 5.792664289474487582e-02 4.819295987486839350e-02 4.987925514578819483e-03 0.000000000000000000e+00 7.623079128563403639e-02 7.925421975553036125e-02 3.556850381195545557e-02 5.281153500080108809e-02 1.665380427241325290e-01 4.848926171660423307e-02 1.043784737586975070e-01 7.498175464570522829e-03 1.869456829130649589e-01 5.538216918706893865e-02
1.702312138676643494e-01 2.912346488237381181e-01 2.196134543418884200e-01 1.558943077921867426e-01 1.634878227114677507e-01 1.578494364023208529e-01 1.757514420151710666e-01 1.914840210974216583e-01 1.348461833596229509e-01 1.224278156459331496e-01 4.352768026292324482e-02 3.038351416587829479e-01 2.317000544071197432e-01 5.176908582448959406e-02 9.340260975062847359e-02 1.728530962020158671e-02 4.024862490594387221e-02 1.303008231520652871e-01 1.154936021566391052e-01 2.694214221835136702e-01 2.166123884916305586e-01 1.857315301895141602e-01 9.999999403953552246e-01 2.222773879766464233e-01 2.168272543698549285e-02 6.000867277383804127e-02 1.872931640595197622e-02 1.265389692783355780e-01 9.966575533151626753e-02 1.179572308063507047e-01 1.821501114964485246e-01 2.412693279981613093e-01 2.650621455907821722e-01 2.931106534600257940e-01 3.170368435978889732e-01 1.414963605999946528e-01 1.881547904014587436e-01 2.352128329873084955e-01 1.041698095202445995e-01
2.988858544826507591e-01 2.201725083589553822e-01 2.550874304771423295e-01 3.163491213321685813e-01 2.267778456211090032e-01 2.897417804598808599e-01 2.576804846525192483e-01 1.839969494938850370e-01 1.158844488859176597e-01 1.413030713796615545e-01 6.558320686221122409e-02 1.802929584681987885e-01 2.178290802240371860e-01 1.236434632539749195e-01 1.710427308455109499e-02 4.467312198132276924e-02 1.615406225621700276e-01 1.106078803539276151e-01 2.514536711573600591e-01 1.026966533064842257e-01 3.124686159193515791e-02 5.935345962643623352e-02 2.222773879766464233e-01 9.999998211860656738e-01 2.614522749185562156e-01 3.219269484281540028e-01 2.730059355497360118e-01 2.887173452973365584e-01 2.642446994781494363e-01 1.431825067102909244e-01 2.528532338142395197e-01 3.429968273639679155e-01 3.073850727081298695e-01 3.037250152230263067e-01 3.084273841977119290e-01 2.056634020805359064e-01 1.113636198639869762e-01 1.116688254475593639e-01 1.202221201360225700e-01
1.379353801906108845e-01 9.839908331632614413e-02 1.017531549930572599e-01 7.587811820209026947e-02 5.016792684793472401e-02 1.162855303287506081e-01 5.860976986587047854e-02 1.368162739276886086e-01 1.349180787801742554e-01 1.191655007004737837e-01 1.497993752360343885e-02 3.225461944937706160e-02 1.566922368109226193e-01 1.061160802841186607e-01 6.185797765851020619e-02 6.277479916810989324e-02 1.953737974166870062e-01 6.695837028324604090e-02 2.729143279790878229e-01 2.755981463938951548e-02 4.886411957442760717e-02 3.184660347178578602e-03 2.168272543698549285e-02 2.614522749185562156e-01 1.000000238418579102e+00 4.011324328184127652e-01 2.599568134546280107e-01 3.230624279379844532e-01 1.686844411492347817e-01 1.133508524298667969e-01 1.335212583839893441e-01 9.132846817374229431e-02 4.644092492759227531e-02 1.580402931571006919e-01 1.228101143240928617e-01 6.218312487006187605e-02 3.520739167928695762e-02 2.246064972132444295e-03 0.000000000000000000e+00
1.034803202748298678e-01 1.013997590541839688e-01 8.147433221340179277e-02 7.776697933673858143e-02 7.431172512471675984e-02 1.447967688739299763e-01 1.047471529245376648e-01 1.378303940594196308e-01 9.321720883250236844e-02 1.278041726350784280e-01 7.924942366778850444e-02 4.156402654945850345e-02 1.091058558225631719e-01 1.413618177175521851e-01 9.758823469281197038e-02 7.605023235082626620e-02 1.519254992902278889e-01 2.067324477434158425e-01 2.693578797578811690e-01 2.863180048763751956e-02 2.027293093502521501e-02 5.792664289474487582e-02 6.000867277383804127e-02 3.219269484281540028e-01 4.011324328184127652e-01 9.999998807907104492e-01 5.674989819526672363e-01 2.986425757408142090e-01 1.240540565550327379e-01 1.343464034795761042e-01 1.217861151695251443e-01 1.279422265291214056e-01 1.193980306386947660e-01 1.382254976034164584e-01 1.823862671852111983e-01 1.056456047296524120e-01 3.216522920876741659e-02 4.272223297506570761e-02 1.731104556471109446e-02
2.743007645010948209e-02 5.779258191585540799e-02 5.798921003937721613e-02 5.731103405356407360e-02 1.098097562789916992e-01 2.376143075525760651e-02 1.642347961664199774e-01 6.422092288732528242e-02 6.291428156197070853e-02 6.986359469592572091e-02 2.792481068521738066e-02 1.316676106303930373e-02 5.516540437936783003e-02 1.238912305235862765e-01 2.365056999027729048e-02 2.761628340929746586e-02 3.188859935849905347e-02 8.370359510183333906e-02 1.409114214777946461e-01 3.547505754977464676e-02 0.000000000000000000e+00 4.819295987486839350e-02 1.872931640595197622e-02 2.730059355497360118e-01 2.599568134546280107e-01 5.674989819526672363e-01 1.000000119209289551e+00 1.696449816226959229e-01 6.666343957185745517e-02 1.029499395191669497e-01 5.783605076372623499e-02 6.821408472955227398e-02 1.283923932909965537e-01 1.100421714782714860e-01 8.592941582202912043e-02 6.814790330827236522e-04 0.000000000000000000e+00 1.387335788458585704e-02 6.039311707019805880e-02
1.672109636664390608e-01 2.745803833007812722e-01 1.569922561943531136e-01 1.273239327967166934e-01 1.786470972001552582e-01 2.105395317077636830e-01 8.422631129622459856e-02 2.069790446758270341e-01 1.661149199306964919e-01 1.714914490282535564e-01 1.531714838743209739e-01 2.272662892937660217e-01 2.903815877437591619e-01 1.550468230247497581e-01 1.864269137382507380e-01 1.521844995021820190e-01 1.166798995435237851e-01 2.226530954241752736e-01 2.150784435868263178e-01 1.161678311228752231e-01 7.029501311480999826e-02 4.987925514578819483e-03 1.265389692783355780e-01 2.887173452973365584e-01 3.230624279379844532e-01 2.986425757408142090e-01 1.696449816226959229e-01 9.999998807907104492e-01 1.433073082566261314e-01 8.183145716786384416e-02 1.819812960922718159e-01 1.833297884464263894e-01 1.309647026658058155e-01 2.209055754542350869e-01 3.161191844940185458e-01 2.339590346813202049e-01 1.129071339964866638e-01 4.082745131105184472e-02 1.640100512653589263e-02
6.069309973716735529e-01 5.389181360602379040e-02 2.487875741720199652e-01 3.922518223524093517e-01 1.113876003026962325e-01 4.132624042034149237e-01 1.368452569842338595e-01 1.540505333244800712e-01 1.377968099713325623e-01 7.603569492697716259e-02 0.000000000000000000e+00 1.814629285037517581e-01 1.388953205943107561e-01 5.203718483448028370e-02 0.000000000000000000e+00 0.000000000000000000e+00 1.738329151272773876e-01 4.904154613614082614e-02 1.823957446217537026e-01 1.139418382942676555e-01 0.000000000000000000e+00 0.000000000000000000e+00 9.966575533151626753e-02 2.642446994781494363e-01 1.686844411492347817e-01 1.240540565550327379e-01 6.666343957185745517e-02 1.433073082566261314e-01 1.000000000000000000e+00 4.587045907974243164e-01 2.292782515287399292e-01 6.011731624603271484e-01 2.671457529067993164e-01 2.317340075969696045e-01 2.818648815155029297e-01 8.055727548897266554e-02 1.620190724730491694e-01 5.415153667330741688e-02 3.647724655270576655e-01
4.125884735584259277e-01 1.281067048013210252e-01 1.986242368817329462e-01 2.847519674897193709e-01 1.449022598564624897e-01 2.898735696077346935e-01 1.157828246057033550e-01 1.073192901909351404e-01 8.581320248544216378e-02 7.018094539642334706e-02 4.018027205020189424e-02 8.923260651528835963e-02 7.924268275499343761e-02 1.504335144162178006e-01 3.253369323909282435e-02 0.000000000000000000e+00 5.003159977495670596e-02 1.135717134177684773e-01 1.419308540225029114e-01 1.106466276943683658e-01 0.000000000000000000e+00 7.623079128563403639e-02 1.179572308063507047e-01 1.431825067102909244e-01 1.133508524298667969e-01 1.343464034795761042e-01 1.029499395191669497e-01 8.183145716786384416e-02 4.587045907974243164e-01 9.999998211860656738e-01 2.212649881839752197e-01 4.763446450233459473e-01 2.329760342836380005e-01 2.373241484165191650e-01 2.055398225784301758e-01 3.721026603132486510e-02 1.303576189279556374e-01 1.185073351860046476e-01 3.666636157035827459e-01
1.522571980953216497e-01 2.770294171571731634e-01 1.913016779720783378e-01 2.910780990123748579e-01 1.892244097590446428e-01 1.626233336329460100e-01 3.325608158111572066e-01 2.327283906936645497e-01 1.958698597550392329e-01 1.521630662679672175e-01 1.346806150674819957e-01 1.184518015384674050e-01 2.220044532418251060e-01 1.782188111543655529e-01 1.256882832944393180e-01 2.350246066227555317e-02 1.471759037673473491e-01 1.637222573161125350e-01 3.067766350507736273e-01 8.631179481744766235e-02 6.886745989322662354e-02 7.925421975553036125e-02 1.821501114964485246e-01 2.528532338142395197e-01 1.335212583839893441e-01 1.217861151695251443e-01 5.783605076372623499e-02 1.819812960922718159e-01 2.292782515287399292e-01 2.212649881839752197e-01 1.000000238418579102e+00 2.166771590709686279e-01 2.881680727005004883e-01 4.785089492797851562e-01 3.126094341278076172e-01 1.435188639163970936e-01 1.494908995926380324e-01 8.871449708938598799e-02 5.838165163993835893e-02
5.137533849477767811e-01 2.433855041861534285e-01 3.320572495460510365e-01 3.738447359204292164e-01 1.702205660939216658e-01 5.256198698282241732e-01 1.184199729561805775e-01 2.364927458763122492e-01 1.341180041432380732e-01 6.593606352806091753e-02 4.123602233827114438e-02 2.990328580141067838e-01 1.861387009918689661e-01 8.222655497491360155e-02 1.876716734841465950e-02 0.000000000000000000e+00 1.566950249671936191e-01 9.401049092411994934e-02 1.811802805960178453e-01 2.203678858280181951e-01 1.572666715830564610e-02 3.556850381195545557e-02 2.412693279981613093e-01 3.429968273639679155e-01 9.132846817374229431e-02 1.279422265291214056e-01 6.821408472955227398e-02 1.833297884464263894e-01 6.011731624603271484e-01 4.763446450233459473e-01 2.166771590709686279e-01 9.999999403953552246e-01 2.981398999691009521e-01 3.362444937229156494e-01 4.316421151161193848e-01 2.237890338897705056e-01 3.126905554533004894e-01 1.412777829170226984e-01 4.218355143070220969e-01
2.969171637296676436e-01 3.234292942285537653e-01 1.252161669731140237e-01 1.950027087330818143e-01 2.312824276089668341e-01 1.383892989158630460e-01 3.696981394290924094e-01 1.299385923147201582e-01 1.153189694881439215e-01 1.068643732368946137e-01 8.516681492328644076e-02 1.633980280160904075e-01 1.798029887676239058e-01 1.411837084591388847e-01 2.842576377093792087e-02 2.226758424192666966e-02 1.099291306734085094e-01 1.406446419656276758e-01 1.967351520061492998e-01 2.853713971376419245e-01 1.245812590420246196e-01 5.281153500080108809e-02 2.650621455907821722e-01 3.073850727081298695e-01 4.644092492759227531e-02 1.193980306386947660e-01 1.283923932909965537e-01 1.309647026658058155e-01 2.671457529067993164e-01 2.329760342836380005e-01 2.881680727005004883e-01 2.981398999691009521e-01 9.999997615814208984e-01 3.533028364181518555e-01 5.634174942970275879e-01 1.386797261238098267e-01 9.805959373712540283e-02 0.000000000000000000e+00 7.323964461684227822e-02
1.374353019893169436e-01 2.323394027352333191e-01 2.927912661433220154e-01 2.649067661166191190e-01 1.652110180258750949e-01 1.541793048381805420e-01 2.891952559351921304e-01 3.670133170485496699e-01 3.083541578054428411e-01 2.169465541839599720e-01 2.325204378366470259e-01 2.283132132887840393e-01 2.413925576210022017e-01 1.955790424346923739e-01 1.141574098169803597e-01 7.755701854825020058e-02 1.148277376592159310e-01 5.945138573646545355e-02 3.140818339586258223e-01 1.946919268369674827e-01 1.463125047087669439e-01 1.665380427241325290e-01 2.931106534600257940e-01 3.037250152230263067e-01 1.580402931571006919e-01 1.382254976034164584e-01 1.100421714782714860e-01 2.209055754542350869e-01 2.317340075969696045e-01 2.373241484165191650e-01 4.785089492797851562e-01 3.362444937229156494e-01 3.533028364181518555e-01 9.999998807907104492e-01 4.739182591438293457e-01 1.975307747721672114e-01 1.876790712773799830e-01 1.238722068071365368e-01 1.276494701206684068e-01
2.867512935400008955e-01 4.208019459247589467e-01 2.345051461458206310e-01 1.595680880546569980e-01 1.556107878684997725e-01 2.271631389856338668e-01 2.256554004549980175e-01 2.930617976188659712e-01 2.214963203668594283e-01 1.400771890580654044e-01 1.505374220013618591e-01 2.977111572027206221e-01 2.496790498495101984e-01 1.056716963648796082e-01 1.182324551045894623e-01 6.797336816787720448e-02 1.381714096665382363e-01 1.848165871202945842e-01 1.916000106930732805e-01 2.894929116964340410e-01 1.262586161494255177e-01 4.848926171660423307e-02 3.170368435978889732e-01 3.084273841977119290e-01 1.228101143240928617e-01 1.823862671852111983e-01 8.592941582202912043e-02 3.161191844940185458e-01 2.818648815155029297e-01 2.055398225784301758e-01 3.126094341278076172e-01 4.316421151161193848e-01 5.634174942970275879e-01 4.739182591438293457e-01 9.999998807907104492e-01 1.988572028279304571e-01 2.271019831299781744e-01 5.795236736536026056e-02 7.301371790468692835e-02
1.301761592924594868e-01 1.971797883510589544e-01 2.745141789317130931e-01 1.037853881716728210e-01 1.087095475196838412e-01 2.727331781387329346e-01 1.107839357852935802e-01 1.778629368543624967e-01 4.750846751034260018e-02 9.014001943171023878e-02 8.640421703457833169e-02 8.420487806200981085e-02 1.620766025781631425e-01 7.988240972161293751e-02 8.602751761674881648e-02 4.177775938063860162e-02 1.287091186642646823e-01 1.196121335029602106e-01 1.511988346278667350e-01 6.415507420897484381e-02 7.687251470983028079e-02 1.043784737586975070e-01 1.414963605999946528e-01 2.056634020805359064e-01 6.218312487006187605e-02 1.056456047296524120e-01 6.814790330827236522e-04 2.339590346813202049e-01 8.055727548897266554e-02 3.721026603132486510e-02 1.435188639163970936e-01 2.237890338897705056e-01 1.386797261238098267e-01 1.975307747721672114e-01 1.988572028279304571e-01 9.999999403953552246e-01 2.286476194858551025e-01 7.840096950531005859e-02 1.269620209932327271e-01
2.018681132793426480e-01 2.023673653602600098e-01 1.836111627519130818e-01 1.276230227947235119e-01 1.085872472822666246e-01 2.545552253723144531e-01 6.929220050573349499e-02 2.815796881914138794e-01 7.497130192816257865e-02 1.709525087475776695e-01 1.348819474875926905e-01 1.312751977145671933e-01 1.751808223128318853e-01 3.271324247121810969e-02 9.082566492259502855e-02 7.440184969455003981e-03 8.328291624784470507e-03 1.032898880541324588e-01 4.786441065371036668e-02 1.817489612102508589e-01 1.325966575741767961e-01 7.498175464570522829e-03 1.881547904014587436e-01 1.113636198639869762e-01 3.520739167928695762e-02 3.216522920876741659e-02 0.000000000000000000e+00 1.129071339964866638e-01 1.620190724730491694e-01 1.303576189279556374e-01 1.494908995926380324e-01 3.126905554533004894e-01 9.805959373712540283e-02 1.876790712773799830e-01 2.271019831299781744e-01 2.286476194858551025e-01 1.000000238418579102e+00 2.086037248373031616e-01 2.881343066692352295e-01
9.115918807685374770e-02 9.731671646237373408e-02 4.265775370597839622e-01 1.378540876507759194e-01 3.147792574018239836e-02 1.635977655649185347e-01 1.336121775209903884e-01 8.245965287089347673e-02 1.007567161321639981e-01 3.335816998034715763e-02 7.640480436384677583e-04 1.693116959929466259e-01 1.793354849517345417e-01 2.304998621344566540e-02 2.506789136677980631e-02 5.457994319498538777e-02 2.255447175353765543e-02 4.519261401146650731e-03 9.100911527872085349e-02 3.554614692926406916e-02 2.523633960634470014e-02 1.869456829130649589e-01 2.352128329873084955e-01 1.116688254475593639e-01 2.246064972132444295e-03 4.272223297506570761e-02 1.387335788458585704e-02 4.082745131105184472e-02 5.415153667330741688e-02 1.185073351860046476e-01 8.871449708938598799e-02 1.412777829170226984e-01 0.000000000000000000e+00 1.238722068071365368e-01 5.795236736536026056e-02 7.840096950531005859e-02 2.086037248373031616e-01 1.000000119209289551e+00 3.247853219509124756e-01
4.029464554786681973e-01 7.999605864286422896e-02 2.725955143570900074e-01 3.344028347730636508e-01 5.250663921236992104e-02 3.167966490983963324e-01 8.487109825015068387e-02 1.002269205451011697e-01 7.330933704972267262e-02 1.935057900846004573e-03 2.715921223163604917e-02 9.559501849114894478e-02 1.399768039584159962e-01 4.593574658036232022e-02 0.000000000000000000e+00 0.000000000000000000e+00 4.912365905940532795e-02 1.628006024286151113e-02 1.730027444660663799e-02 8.754510648548603780e-02 0.000000000000000000e+00 5.538216918706893865e-02 1.041698095202445995e-01 1.202221201360225700e-01 0.000000000000000000e+00 1.731104556471109446e-02 6.039311707019805880e-02 1.640100512653589263e-02 3.647724655270576655e-01 3.666636157035827459e-01 5.838165163993835893e-02 4.218355143070220969e-01 7.323964461684227822e-02 1.276494701206684068e-01 7.301371790468692835e-02 1.269620209932327271e-01 2.881343066692352295e-01 3.247853219509124756e-01 9.999996423721313477e-01
