1.000000000000000000e+00 6.306382417678833008e-01 2.127354741096496582e-01 1.746684461832046509e-01 4.153610253334045765e-01 2.852136540412902876e-01 2.878371828794479281e-01 3.415849646925926408e-01 3.072252872586250239e-01 2.641043278574943809e-01 3.894323652982711881e-01 1.603473949432372980e-01 1.623358207941055231e-01 2.063957118988037076e-01 7.366320341825485785e-02 1.279571884870529253e-01 6.563661210238934396e-02 1.689683626592159427e-01 8.547063216567039878e-02 0.000000000000000000e+00 6.708976358175278154e-02 3.427082646638154872e-02 1.161248499155044522e-01 1.071801462769508412e-01 1.663833057880401700e-01 1.602402976155281045e-01 1.079016132652759613e-01 1.110389316082000810e-01 2.486787328124046292e-01 1.633079694211483079e-01 1.906758344173431485e-01 2.453340238332748502e-01 1.586778056621551414e-01 1.496035617589950573e-01 1.792489029467105865e-01 1.881898546218871981e-01 9.009878799319268050e-02 1.702558253705501734e-01
6.306382417678833008e-01 1.000000238418579102e+00 1.624108105897903442e-01 1.415167301893234253e-01 3.101132434606552191e-01 1.771176959574222720e-01 2.566675233840942649e-01 2.451681113243102950e-01 2.524982774257659712e-01 2.483195310831070035e-01 3.306583064794540450e-01 9.938612505793571750e-02 1.677879284322261744e-01 1.527871543169021518e-01 7.948822408914565929e-02 1.382788167893886644e-01 1.098654964566230796e-01 1.252790783345699432e-01 9.279666766524315158e-02 0.000000000000000000e+00 1.687822733074426746e-03 0.000000000000000000e+00 1.030970233678817766e-01 1.686113065481185946e-01 1.840691776573658012e-01 2.077206942439079329e-01 9.370163664221764499e-02 1.282282936573028720e-01 2.023143330216407854e-01 1.618986080586910237e-01 2.003696227073669400e-01 1.914180576801300104e-01 1.626102304458618142e-01 9.485818795859814190e-02 1.555687016248702981e-01 1.429590755701065086e-01 1.166519835591316306e-01 2.284357315301895064e-01
2.127354741096496582e-01 1.624108105897903442e-01 9.999997615814208984e-01 2.768687903881072998e-01 7.320635311305523363e-02 7.258247159421443717e-02 1.338113757967948902e-01 9.733256191015243752e-02 1.890285274386405978e-01 6.631972759962082020e-02 8.100763157010078264e-02 8.966616481542587225e-02 9.852285221219063416e-02 1.318879610300064120e-01 4.129709213972091592e-02 8.207671165466308427e-02 7.181234955787658969e-02 8.408418990671634452e-02 9.617456488311290630e-02 7.624153658747673257e-02 7.709080554544925357e-02 1.347008205950260273e-01 1.228384777903556851e-01 5.931607984006404682e-02 1.125393842160701818e-01 8.434066586196423132e-02 3.646763257682323484e-02 6.076941490173339705e-02 1.385376907885074727e-01 1.561613053083419911e-01 1.053906203806400377e-01 1.589439082145691073e-01 1.608549311757087874e-01 7.727926425635814334e-02 1.841988556087017018e-02 1.035456067323684698e-01 5.330705806612968251e-02 4.849584199488163327e-02
1.746684461832046509e-01 1.415167301893234253e-01 2.768687903881072998e-01 1.000000119209289551e+00 1.760047397017479032e-01 1.288973823189735468e-01 1.498515126109123130e-01 9.883096069097518921e-02 1.403116121888160761e-01 1.017007192969322238e-01 1.672684937715530340e-01 1.591507595777511552e-01 2.141772380471229642e-01 1.038840177655220021e-01 1.047103848308324897e-02 1.219158963859081346e-01 8.275388941168784762e-02 1.107000845670700062e-01 1.518844112753868214e-01 0.000000000000000000e+00 0.000000000000000000e+00 1.903474400937557320e-01 2.233488723635673745e-02 9.244780391454697488e-02 7.961930185556412298e-02 4.810963645577431141e-02 1.433044627308845478e-02 1.322669896483421315e-01 1.786442057788372173e-01 1.541231171786785203e-01 1.655176004767417997e-01 2.845133104920387068e-01 1.689386567473411538e-01 7.264039754867554488e-02 2.112059067934751733e-02 1.309316578507423445e-01 4.995227500796318304e-02 1.422540736198425193e-01
4.153610253334045765e-01 3.101132434606552191e-01 7.320635311305523363e-02 1.760047397017479032e-01 9.999998807907104492e-01 4.344807267189025879e-01 2.503292262554168701e-01 2.811992597579955899e-01 2.611007606983185014e-01 2.292602455615997403e-01 2.881424114108085965e-01 2.678032588958740301e-01 1.581162503361701888e-01 2.361096784472465626e-01 1.268518050014972587e-01 2.001576310396194491e-01 7.757054626941681241e-02 1.897235241532325700e-01 1.473053178191185142e-01 3.463880859315395661e-02 3.448611974716186274e-02 4.191176872700453152e-03 9.777444452047348925e-03 2.944582164287567333e-02 4.434671264141798463e-02 2.036029201745986894e-01 1.052653828263282743e-01 1.106361176073551167e-01 4.531014684587716945e-02 2.496197986602783359e-01 7.423322647809982300e-02 1.929168006777763344e-01 9.054699845612049214e-02 2.026149260997772150e-01 5.826631605625152976e-02 1.695899149775505210e-01 8.962295986711979467e-02 1.444613295793533425e-01
2.852136540412902876e-01 1.771176959574222720e-01 7.258247159421443717e-02 1.288973823189735468e-01 4.344807267189025879e-01 1.000000119209289551e+00 1.861116886138916016e-01 2.009941926598548811e-01 1.564777094125747725e-01 1.241047826409339971e-01 2.877866289019584967e-01 2.145440354943275452e-01 1.612628395855426888e-01 1.722331559658050459e-01 7.282218992710114136e-02 2.190234208106994762e-01 5.377439551055431671e-02 2.377012911438942111e-01 1.955268821120262068e-01 0.000000000000000000e+00 5.277909830212593190e-02 5.596021249890327509e-02 1.020048692822456311e-02 9.632106930017471369e-02 1.019410973787307773e-01 6.938768625259399137e-02 3.101146891713142326e-02 3.168839711695909528e-02 4.090972200036049194e-02 7.820397980511188674e-02 9.314831383526325781e-02 1.704466132819652535e-01 1.445341429114341825e-01 2.003541329503059354e-01 1.026273739337921209e-01 7.468992188572884383e-02 8.376792922616005388e-02 1.069217312335968006e-01
2.878371828794479281e-01 2.566675233840942649e-01 1.338113757967948902e-01 1.498515126109123130e-01 2.503292262554168701e-01 1.861116886138916016e-01 9.999998211860656738e-01 1.847975978255271823e-01 3.275071620941162331e-01 3.028907024860382213e-01 3.238730126619339122e-01 1.275110375881195190e-01 4.374275267124175942e-02 1.477585136890411377e-01 7.516252011060714500e-02 1.186769078671932182e-01 1.373543536663055509e-01 1.391800796985626365e-01 1.551208296418190025e-01 1.264931568875908921e-02 8.942003831267357483e-02 1.348993763327598593e-02 9.147007897496223228e-02 1.529883834719658053e-01 2.893355357646942294e-01 1.021447819471359292e-01 1.080502575635910040e-01 2.330553507804870583e-01 1.704504340887069702e-01 1.842320840060711062e-01 1.744345946609973941e-01 3.421086561679840266e-01 2.556811815500259488e-01 1.059707748889923140e-01 2.261659657955169822e-01 2.427485883235931396e-01 1.429236212372779757e-01 2.953543964028358393e-01
3.415849646925926408e-01 2.451681113243102950e-01 9.733256191015243752e-02 9.883096069097518921e-02 2.811992597579955899e-01 2.009941926598548811e-01 1.847975978255271823e-01 1.000000119209289551e+00 1.383644464612007186e-01 1.623660200834274314e-01 2.474253934621810924e-01 1.694569784402847334e-01 2.111605218052864108e-01 1.843753241002559773e-01 8.383405327796936146e-02 1.595961761474609386e-01 1.051927301287651079e-01 2.336051338911056541e-01 1.530627343058586221e-01 0.000000000000000000e+00 1.050695693492889465e-01 5.840346924960613390e-02 6.974570043385029672e-02 7.681765228509902788e-02 2.952391009777784528e-02 1.213110041618347262e-01 1.032024914026260370e-01 5.302662461996078547e-02 9.368595182895660123e-02 1.633808057010173731e-01 2.139726814627647411e-01 6.114387117326259419e-02 6.416406400501728502e-02 1.141380648314952867e-01 8.772415086627007030e-02 1.164681029319763195e-01 8.547993749380111694e-02 1.086491718888282776e-01
3.072252872586250239e-01 2.524982774257659712e-01 1.890285274386405978e-01 1.403116121888160761e-01 2.611007606983185014e-01 1.564777094125747725e-01 3.275071620941162331e-01 1.383644464612007186e-01 1.000000000000000000e+00 2.522048652172088623e-01 4.333650767803192139e-01 2.663593611121177762e-01 1.281809982657432512e-01 3.079939922690391740e-01 1.456720434129238073e-01 2.173593160510063349e-01 1.466301365196704953e-01 2.019670182466506980e-01 2.817067271471023759e-01 8.201768994331359863e-02 1.567265437543392259e-01 9.676160946488381043e-02 2.299150606989860679e-01 2.819138768315315180e-01 2.922689056396484686e-01 1.799676735699176910e-01 1.085356950759887723e-01 1.985954144597053550e-01 1.840762341022491588e-01 2.236340674757957558e-01 1.590271513164043526e-01 1.895879486203193576e-01 1.423240184783935713e-01 6.623392008244990969e-02 1.124983191490173395e-01 1.752530390024185092e-01 8.711641885340214164e-02 1.661635807156562894e-01
2.641043278574943809e-01 2.483195310831070035e-01 6.631972759962082020e-02 1.017007192969322238e-01 2.292602455615997403e-01 1.241047826409339971e-01 3.028907024860382213e-01 1.623660200834274314e-01 2.522048652172088623e-01 1.000000119209289551e+00 2.741300463676452637e-01 1.302996413409709953e-01 2.147171478718519055e-03 1.241481769084930437e-01 4.620231095701456125e-02 6.301167771220207714e-02 1.027796210348606160e-01 7.036098226904868858e-02 1.321170373260975028e-01 0.000000000000000000e+00 1.627328921109438137e-02 0.000000000000000000e+00 9.781763225793838057e-02 1.433392974734306324e-01 7.996525123715400585e-02 1.878155532479286183e-01 1.564284864068031244e-01 1.990948501229286294e-01 1.480473345518112105e-01 2.702965131402015886e-01 1.096327599883079595e-01 2.311061885952949702e-01 2.064307761192321899e-01 5.855452306568622450e-02 2.477051270008087114e-01 1.901778100430965568e-01 9.231034666299819946e-02 2.267372968792915333e-01
3.894323652982711881e-01 3.306583064794540450e-01 8.100763157010078264e-02 1.672684937715530340e-01 2.881424114108085965e-01 2.877866289019584967e-01 3.238730126619339122e-01 2.474253934621810924e-01 4.333650767803192139e-01 2.741300463676452637e-01 1.000000000000000000e+00 2.130180764198303378e-01 8.637537166476250139e-02 2.560008901357651023e-01 9.341317147016525713e-02 1.985865566134452920e-01 1.286595284938812367e-01 1.752619427442550781e-01 1.248502185940742470e-01 3.671923786401748435e-02 1.121098589897155801e-01 7.050460100173949751e-02 1.916922149062156855e-01 1.452594995498657227e-01 2.346435213088989280e-01 1.093696635961532576e-01 3.131606925278902082e-02 1.275009635090827986e-01 1.165588270127773246e-01 1.116091382503509588e-01 1.283160918951034568e-01 2.419364202022552535e-01 2.212163573503494185e-01 1.123081508278846730e-01 2.074805685877799954e-01 9.346593417227268275e-02 1.104675316810607988e-01 1.097613593935966581e-01
1.603473949432372980e-01 9.938612505793571750e-02 8.966616481542587225e-02 1.591507595777511552e-01 2.678032588958740301e-01 2.145440354943275452e-01 1.275110375881195190e-01 1.694569784402847334e-01 2.663593611121177762e-01 1.302996413409709953e-01 2.130180764198303378e-01 9.999998807907104492e-01 3.414274454116821289e-01 5.913770198822021484e-01 2.938534021377563477e-01 4.592216378450393877e-01 1.568573805689811862e-01 4.098042643070221036e-01 3.560791549086571028e-01 7.799055963754654430e-02 1.195197686553001459e-01 1.260765483975410384e-01 1.151130475103855216e-01 6.257692612707614621e-02 1.202446204423904402e-01 1.259124028682708785e-01 4.244104512035846988e-02 1.070400729775428800e-01 5.893384426832199569e-02 1.030634507536888206e-01 7.846010580658913103e-02 1.059130153059959500e-01 5.333133682608604681e-02 1.077997939288616175e-01 5.780754387378692766e-02 4.137641116976738254e-02 3.644442662596702326e-02 1.132913258671760653e-01
1.623358207941055231e-01 1.677879284322261744e-01 9.852285221219063416e-02 2.141772380471229642e-01 1.581162503361701888e-01 1.612628395855426888e-01 4.374275267124175942e-02 2.111605218052864108e-01 1.281809982657432512e-01 2.147171478718519055e-03 8.637537166476250139e-02 3.414274454116821289e-01 9.999999403953552246e-01 3.511181473731994629e-01 1.582199037075042725e-01 2.870899799466133384e-01 1.932566344738006758e-01 3.050666117668152100e-01 2.520992612838744984e-01 0.000000000000000000e+00 2.212971823289990383e-02 1.338299176096916232e-01 3.715758077800274117e-02 4.528489280492067198e-02 6.308034323155879697e-02 1.303148241713643091e-03 0.000000000000000000e+00 3.428944572806358294e-04 1.192988502979278609e-01 8.205427445471287495e-02 1.164994037151336759e-01 1.484776400029659271e-01 7.965473324060440286e-02 1.988634675741195734e-01 7.927144207060336789e-02 3.623300004750490411e-02 1.156041646003723167e-01 7.791762009263038247e-02
2.063957118988037076e-01 1.527871543169021518e-01 1.318879610300064120e-01 1.038840177655220021e-01 2.361096784472465626e-01 1.722331559658050459e-01 1.477585136890411377e-01 1.843753241002559773e-01 3.079939922690391740e-01 1.241481769084930437e-01 2.560008901357651023e-01 5.913770198822021484e-01 3.511181473731994629e-01 9.999998807907104492e-01 4.942083656787872314e-01 5.516436713933944302e-01 1.898592144250869918e-01 5.382908582687377930e-01 3.576325595378875843e-01 1.014341348409652788e-01 1.661712682247162010e-01 1.104401549696922280e-01 1.670265781879425038e-01 7.663688108325004966e-02 1.796980485320091303e-01 1.639594112336635601e-01 7.699218168854714273e-02 5.406712323427200623e-02 9.371954165399075387e-02 1.106674757599830639e-01 6.025050804018974165e-02 1.222813513875007640e-01 6.800355598330497242e-02 1.193102209270000547e-01 7.575639739632607228e-02 8.340718999505043751e-02 9.634867548942566140e-02 1.075336913764476793e-01
7.366320341825485785e-02 7.948822408914565929e-02 4.129709213972091592e-02 1.047103848308324897e-02 1.268518050014972587e-01 7.282218992710114136e-02 7.516252011060714500e-02 8.383405327796936146e-02 1.456720434129238073e-01 4.620231095701456125e-02 9.341317147016525713e-02 2.938534021377563477e-01 1.582199037075042725e-01 4.942083656787872314e-01 9.999998807907104492e-01 3.597806331515312483e-01 1.973394361138343933e-01 3.316388654708862238e-01 1.655359357595443670e-01 1.490772800520062495e-02 1.574473452568054266e-01 1.156567150354385343e-01 9.795866936445236928e-02 4.226705498993396648e-02 1.010980300605297116e-01 8.900233693420887826e-02 6.425368085503578575e-02 1.097277179360389709e-01 8.615139551460743172e-02 9.164936430752278207e-02 2.468314301222562790e-02 7.953984513878822882e-02 9.993896596133708746e-03 6.834244318306446908e-02 1.052853244543075634e-01 1.118458561599254691e-01 1.301822978258133090e-01 6.324214234948158375e-02
1.279571884870529253e-01 1.382788167893886644e-01 8.207671165466308427e-02 1.219158963859081346e-01 2.001576310396194491e-01 2.190234208106994762e-01 1.186769078671932182e-01 1.595961761474609386e-01 2.173593160510063349e-01 6.301167771220207714e-02 1.985865566134452920e-01 4.592216378450393877e-01 2.870899799466133384e-01 5.516436713933944302e-01 3.597806331515312483e-01 1.000000119209289551e+00 2.438577115535736084e-01 5.816863650083542447e-01 3.790546640753746366e-01 0.000000000000000000e+00 8.477110326290131226e-02 6.093144923448563094e-02 7.633279994130134916e-02 7.845651447772980513e-02 1.271070532500744033e-01 1.080566141009330766e-01 2.134005472064018361e-02 4.329130943864584191e-02 1.031058353185653753e-01 6.504951015114784907e-02 5.692668154835701239e-02 1.055517368018627222e-01 9.418991394340991974e-02 1.125914297997951535e-01 4.032387070357799919e-02 8.282165423035621477e-02 6.043145708739757621e-02 1.078869381546974232e-01
6.563661210238934396e-02 1.098654964566230796e-01 7.181234955787658969e-02 8.275388941168784762e-02 7.757054626941681241e-02 5.377439551055431671e-02 1.373543536663055509e-01 1.051927301287651079e-01 1.466301365196704953e-01 1.027796210348606160e-01 1.286595284938812367e-01 1.568573805689811862e-01 1.932566344738006758e-01 1.898592144250869918e-01 1.973394361138343933e-01 2.438577115535736084e-01 9.999998807907104492e-01 1.781538115441799186e-01 3.103488254547119296e-01 0.000000000000000000e+00 1.293712426722049835e-01 1.043880659341812206e-01 1.429535451531410151e-01 1.066260948777198875e-01 2.539911457896232849e-01 4.601986169815063671e-02 0.000000000000000000e+00 5.574001699686050720e-02 8.134457968175411169e-02 6.630555160343647170e-02 5.533386409282684687e-02 1.416203819215297866e-01 6.389239087700844533e-02 9.291770577430724654e-02 2.077010279893875266e-01 5.483482427895069317e-02 1.568565773963928323e-01 6.931209050118923576e-02
1.689683626592159427e-01 1.252790783345699432e-01 8.408418990671634452e-02 1.107000845670700062e-01 1.897235241532325700e-01 2.377012911438942111e-01 1.391800796985626365e-01 2.336051338911056541e-01 2.019670182466506980e-01 7.036098226904868858e-02 1.752619427442550781e-01 4.098042643070221036e-01 3.050666117668152100e-01 5.382908582687377930e-01 3.316388654708862238e-01 5.816863650083542447e-01 1.781538115441799186e-01 1.000000119209289551e+00 5.693719387054443359e-01 0.000000000000000000e+00 1.269061224162578716e-01 8.244124300777912195e-02 7.576068863272666931e-02 4.397619478404522081e-02 1.385388955473899897e-01 1.189922793209552826e-01 3.607239995151758499e-02 4.398239642381668313e-02 7.431766286492347273e-02 5.386452294886112657e-02 1.056069950759410819e-01 9.580609798431397039e-02 6.740814693272113856e-02 1.247464142739772852e-01 4.445707716047764269e-02 1.226029646396637057e-01 9.455009095370769945e-02 2.074311619997024625e-01
8.547063216567039878e-02 9.279666766524315158e-02 9.617456488311290630e-02 1.518844112753868214e-01 1.473053178191185142e-01 1.955268821120262068e-01 1.551208296418190025e-01 1.530627343058586221e-01 2.817067271471023759e-01 1.321170373260975028e-01 1.248502185940742470e-01 3.560791549086571028e-01 2.520992612838744984e-01 3.576325595378875843e-01 1.655359357595443670e-01 3.790546640753746366e-01 3.103488254547119296e-01 5.693719387054443359e-01 9.999998807907104492e-01 1.865927258506417177e-02 1.044374151527881628e-01 9.217641763389110288e-02 5.695415005087852561e-02 9.099644809961318637e-02 1.674966636300087020e-01 6.578396558761596957e-02 2.721120044589042664e-02 9.268385633826256575e-02 9.036420211195946017e-02 1.255974674224853427e-01 8.227261692285538219e-02 1.599781076610088393e-01 1.054766172170639033e-01 8.935719579458237249e-02 9.065859928727150463e-02 1.724008125066757158e-01 1.226263828575611115e-01 1.909475706517696492e-01
0.000000000000000000e+00 0.000000000000000000e+00 7.624153658747673257e-02 0.000000000000000000e+00 3.463880859315395661e-02 0.000000000000000000e+00 1.264931568875908921e-02 0.000000000000000000e+00 8.201768994331359863e-02 0.000000000000000000e+00 3.671923786401748435e-02 7.799055963754654430e-02 0.000000000000000000e+00 1.014341348409652788e-01 1.490772800520062495e-02 0.000000000000000000e+00 0.000000000000000000e+00 0.000000000000000000e+00 1.865927258506417177e-02 9.999998807907104492e-01 2.494958806037902987e-01 1.875399847328662883e-01 1.679754003882408253e-01 0.000000000000000000e+00 1.010323420166969327e-01 9.484151065349578913e-02 1.089517815038561904e-02 0.000000000000000000e+00 0.000000000000000000e+00 0.000000000000000000e+00 0.000000000000000000e+00 0.000000000000000000e+00 0.000000000000000000e+00 0.000000000000000000e+00 0.000000000000000000e+00 0.000000000000000000e+00 0.000000000000000000e+00 0.000000000000000000e+00
6.708976358175278154e-02 1.687822733074426746e-03 7.709080554544925357e-02 0.000000000000000000e+00 3.448611974716186274e-02 5.277909830212593190e-02 8.942003831267357483e-02 1.050695693492889465e-01 1.567265437543392259e-01 1.627328921109438137e-02 1.121098589897155801e-01 1.195197686553001459e-01 2.212971823289990383e-02 1.661712682247162010e-01 1.574473452568054266e-01 8.477110326290131226e-02 1.293712426722049835e-01 1.269061224162578716e-01 1.044374151527881628e-01 2.494958806037902987e-01 9.999999403953552246e-01 3.930408954620361328e-01 2.437248101830482572e-01 1.024017053842544572e-01 2.373639357089996349e-01 1.073877319693565396e-01 7.479619309306144437e-02 7.178789868950843922e-02 5.497331418097019251e-02 5.541033759713172996e-02 6.529406473040580416e-02 3.599373780190944644e-02 5.570934727787971857e-02 2.794319760054349983e-02 1.282297508418560050e-01 4.866984359920024927e-02 1.050616179406642925e-01 1.620826665312051842e-02
3.427082646638154872e-02 0.000000000000000000e+00 1.347008205950260273e-01 1.903474400937557320e-01 4.191176872700453152e-03 5.596021249890327509e-02 1.348993763327598593e-02 5.840346924960613390e-02 9.676160946488381043e-02 0.000000000000000000e+00 7.050460100173949751e-02 1.260765483975410384e-01 1.338299176096916232e-01 1.104401549696922280e-01 1.156567150354385343e-01 6.093144923448563094e-02 1.043880659341812206e-01 8.244124300777912195e-02 9.217641763389110288e-02 1.875399847328662883e-01 3.930408954620361328e-01 9.999999403953552246e-01 1.313417463004589170e-01 1.171572479605674788e-01 1.776784136891365051e-01 2.787448331713676675e-02 0.000000000000000000e+00 6.414874635636806655e-02 1.260598079860210385e-01 1.046033161878585777e-01 2.809475626796483980e-02 8.824791118502617326e-02 6.569071151316166306e-03 7.466925740242004450e-02 1.198144526779651720e-01 0.000000000000000000e+00 3.507463011890649823e-02 5.279974557459354845e-02
1.161248499155044522e-01 1.030970233678817766e-01 1.228384777903556851e-01 2.233488723635673745e-02 9.777444452047348925e-03 1.020048692822456311e-02 9.147007897496223228e-02 6.974570043385029672e-02 2.299150606989860679e-01 9.781763225793838057e-02 1.916922149062156855e-01 1.151130475103855216e-01 3.715758077800274117e-02 1.670265781879425038e-01 9.795866936445236928e-02 7.633279994130134916e-02 1.429535451531410151e-01 7.576068863272666931e-02 5.695415005087852561e-02 1.679754003882408253e-01 2.437248101830482572e-01 1.313417463004589170e-01 9.999998807907104492e-01 2.057136148214340210e-01 4.376851916313171387e-01 8.844894528388977384e-02 0.000000000000000000e+00 1.912725916504859902e-01 9.234854325652122609e-02 6.551958411931992077e-02 1.080452893674373610e-01 2.168325467035174536e-02 2.862676344811916282e-02 0.000000000000000000e+00 6.254965841770172841e-02 0.000000000000000000e+00 0.000000000000000000e+00 0.000000000000000000e+00
1.071801462769508412e-01 1.686113065481185946e-01 5.931607984006404682e-02 9.244780391454697488e-02 2.944582164287567333e-02 9.632106930017471369e-02 1.529883834719658053e-01 7.681765228509902788e-02 2.819138768315315180e-01 1.433392974734306324e-01 1.452594995498657227e-01 6.257692612707614621e-02 4.528489280492067198e-02 7.663688108325004966e-02 4.226705498993396648e-02 7.845651447772980513e-02 1.066260948777198875e-01 4.397619478404522081e-02 9.099644809961318637e-02 0.000000000000000000e+00 1.024017053842544572e-01 1.171572479605674788e-01 2.057136148214340210e-01 9.999998807907104492e-01 3.398501276969909668e-01 1.383002959191799164e-01 7.777490779757499639e-02 1.315655905008316084e-01 1.780002105236053456e-01 9.132782563567161394e-02 1.533068414032459359e-01 1.837380754947662287e-01 1.244635713100433333e-01 1.741400368511676969e-02 9.062811315059661477e-02 7.416427984833717790e-02 8.115892633795739053e-02 1.334063702821731701e-01
1.663833057880401700e-01 1.840691776573658012e-01 1.125393842160701818e-01 7.961930185556412298e-02 4.434671264141798463e-02 1.019410973787307773e-01 2.893355357646942294e-01 2.952391009777784528e-02 2.922689056396484686e-01 7.996525123715400585e-02 2.346435213088989280e-01 1.202446204423904402e-01 6.308034323155879697e-02 1.796980485320091303e-01 1.010980300605297116e-01 1.271070532500744033e-01 2.539911457896232849e-01 1.385388955473899897e-01 1.674966636300087020e-01 1.010323420166969327e-01 2.373639357089996349e-01 1.776784136891365051e-01 4.376851916313171387e-01 3.398501276969909668e-01 1.000000000000000000e+00 1.362551546096801847e-01 2.482623107731342371e-02 1.596089006960391965e-01 1.516189283132553245e-01 5.819001466035843284e-02 1.204508866369724263e-01 1.728632104396820024e-01 1.459858085215091639e-01 9.101116910576820263e-02 1.751727905869484014e-01 9.909674197435379417e-02 1.176234093308448775e-01 1.453428459167480369e-01
1.602402976155281045e-01 2.077206942439079329e-01 8.434066586196423132e-02 4.810963645577431141e-02 2.036029201745986894e-01 6.938768625259399137e-02 1.021447819471359292e-01 1.213110041618347262e-01 1.799676735699176910e-01 1.878155532479286183e-01 1.093696635961532576e-01 1.259124028682708785e-01 1.303148241713643091e-03 1.639594112336635601e-01 8.900233693420887826e-02 1.080566141009330766e-01 4.601986169815063671e-02 1.189922793209552826e-01 6.578396558761596957e-02 9.484151065349578913e-02 1.073877319693565396e-01 2.787448331713676675e-02 8.844894528388977384e-02 1.383002959191799164e-01 1.362551546096801847e-01 9.999998211860656738e-01 5.480422377586364746e-01 2.023233175277709961e-01 9.816823899745941162e-02 9.259612694382668430e-02 5.068803846836090338e-02 7.228727124631405265e-02 0.000000000000000000e+00 6.000525929033756478e-02 3.610563695430756004e-02 5.375136166810989824e-02 2.807814493775367959e-02 9.041435450315475630e-02
1.079016132652759613e-01 9.370163664221764499e-02 3.646763257682323484e-02 1.433044627308845478e-02 1.052653828263282743e-01 3.101146891713142326e-02 1.080502575635910040e-01 1.032024914026260370e-01 1.085356950759887723e-01 1.564284864068031244e-01 3.131606925278902082e-02 4.244104512035846988e-02 0.000000000000000000e+00 7.699218168854714273e-02 6.425368085503578575e-02 2.134005472064018361e-02 0.000000000000000000e+00 3.607239995151758499e-02 2.721120044589042664e-02 1.089517815038561904e-02 7.479619309306144437e-02 0.000000000000000000e+00 0.000000000000000000e+00 7.777490779757499639e-02 2.482623107731342371e-02 5.480422377586364746e-01 1.000000000000000000e+00 1.837113946676254272e-01 8.803384006023406982e-02 4.802447434514760943e-02 7.356667354702949024e-02 0.000000000000000000e+00 0.000000000000000000e+00 0.000000000000000000e+00 1.504801213741302653e-04 9.856960833072662964e-02 2.477449528872966919e-02 2.790787234902382050e-02
1.110389316082000810e-01 1.282282936573028720e-01 6.076941490173339705e-02 1.322669896483421315e-01 1.106361176073551167e-01 3.168839711695909528e-02 2.330553507804870583e-01 5.302662461996078547e-02 1.985954144597053550e-01 1.990948501229286294e-01 1.275009635090827986e-01 1.070400729775428800e-01 3.428944572806358294e-04 5.406712323427200623e-02 1.097277179360389709e-01 4.329130943864584191e-02 5.574001699686050720e-02 4.398239642381668313e-02 9.268385633826256575e-02 0.000000000000000000e+00 7.178789868950843922e-02 6.414874635636806655e-02 1.912725916504859902e-01 1.315655905008316084e-01 1.596089006960391965e-01 2.023233175277709961e-01 1.837113946676254272e-01 1.000000000000000000e+00 2.095377892255783081e-01 1.363208885490894418e-01 1.228498369455337524e-01 2.182069844007492043e-01 9.822400316596031911e-02 0.000000000000000000e+00 1.026003070175647708e-01 1.661714747548103388e-01 1.177496795356273718e-01 1.604684674739837724e-01
2.486787328124046292e-01 2.023143330216407854e-01 1.385376907885074727e-01 1.786442057788372173e-01 4.531014684587716945e-02 4.090972200036049194e-02 1.704504340887069702e-01 9.368595182895660123e-02 1.840762341022491588e-01 1.480473345518112105e-01 1.165588270127773246e-01 5.893384426832199569e-02 1.192988502979278609e-01 9.371954165399075387e-02 8.615139551460743172e-02 1.031058353185653753e-01 8.134457968175411169e-02 7.431766286492347273e-02 9.036420211195946017e-02 0.000000000000000000e+00 5.497331418097019251e-02 1.260598079860210385e-01 9.234854325652122609e-02 1.780002105236053456e-01 1.516189283132553245e-01 9.816823899745941162e-02 8.803384006023406982e-02 2.095377892255783081e-01 9.999998807907104492e-01 1.991465744376182678e-01 1.321813370287418521e-01 1.756956100463867299e-01 1.821296191215515115e-01 4.990573832765222116e-03 1.752182731032371488e-01 1.056528562307357810e-01 8.768297106027603260e-02 9.174755215644836426e-02
1.633079694211483079e-01 1.618986080586910237e-01 1.561613053083419911e-01 1.541231171786785203e-01 2.496197986602783359e-01 7.820397980511188674e-02 1.842320840060711062e-01 1.633808057010173731e-01 2.236340674757957558e-01 2.702965131402015886e-01 1.116091382503509588e-01 1.030634507536888206e-01 8.205427445471287495e-02 1.106674757599830639e-01 9.164936430752278207e-02 6.504951015114784907e-02 6.630555160343647170e-02 5.386452294886112657e-02 1.255974674224853427e-01 0.000000000000000000e+00 5.541033759713172996e-02 1.046033161878585777e-01 6.551958411931992077e-02 9.132782563567161394e-02 5.819001466035843284e-02 9.259612694382668430e-02 4.802447434514760943e-02 1.363208885490894418e-01 1.991465744376182678e-01 9.999999403953552246e-01 7.833750151097775005e-02 1.749031999707222063e-01 1.652266110479831684e-01 1.154721115529537268e-01 1.457347711920738142e-01 1.399009270966053153e-01 8.292119599878787495e-02 1.654091148078441764e-01
1.906758344173431485e-01 2.003696227073669400e-01 1.053906203806400377e-01 1.655176004767417997e-01 7.423322647809982300e-02 9.314831383526325781e-02 1.744345946609973941e-01 2.139726814627647411e-01 1.590271513164043526e-01 1.096327599883079595e-01 1.283160918951034568e-01 7.846010580658913103e-02 1.164994037151336759e-01 6.025050804018974165e-02 2.468314301222562790e-02 5.692668154835701239e-02 5.533386409282684687e-02 1.056069950759410819e-01 8.227261692285538219e-02 0.000000000000000000e+00 6.529406473040580416e-02 2.809475626796483980e-02 1.080452893674373610e-01 1.533068414032459359e-01 1.204508866369724263e-01 5.068803846836090338e-02 7.356667354702949024e-02 1.228498369455337524e-01 1.321813370287418521e-01 7.833750151097775005e-02 1.000000000000000000e+00 3.176663517951965332e-01 3.707353174686431885e-01 3.398047957569360483e-02 1.248783066868782016e-01 1.188606622815132213e-01 1.154916286468505859e-01 1.402773626148700881e-01
2.453340238332748502e-01 1.914180576801300104e-01 1.589439082145691073e-01 2.845133104920387068e-01 1.929168006777763344e-01 1.704466132819652535e-01 3.421086561679840266e-01 6.114387117326259419e-02 1.895879486203193576e-01 2.311061885952949702e-01 2.419364202022552535e-01 1.059130153059959500e-01 1.484776400029659271e-01 1.222813513875007640e-01 7.953984513878822882e-02 1.055517368018627222e-01 1.416203819215297866e-01 9.580609798431397039e-02 1.599781076610088393e-01 0.000000000000000000e+00 3.599373780190944644e-02 8.824791118502617326e-02 2.168325467035174536e-02 1.837380754947662287e-01 1.728632104396820024e-01 7.228727124631405265e-02 0.000000000000000000e+00 2.182069844007492043e-01 1.756956100463867299e-01 1.749031999707222063e-01 3.176663517951965332e-01 9.999999403953552246e-01 5.584043264389038086e-01 1.499085722863674197e-01 2.588380628824233920e-01 2.861733993887901617e-01 2.254471951723098777e-01 2.864231860637664884e-01
1.586778056621551414e-01 1.626102304458618142e-01 1.608549311757087874e-01 1.689386567473411538e-01 9.054699845612049214e-02 1.445341429114341825e-01 2.556811815500259488e-01 6.416406400501728502e-02 1.423240184783935713e-01 2.064307761192321899e-01 2.212163573503494185e-01 5.333133682608604681e-02 7.965473324060440286e-02 6.800355598330497242e-02 9.993896596133708746e-03 9.418991394340991974e-02 6.389239087700844533e-02 6.740814693272113856e-02 1.054766172170639033e-01 0.000000000000000000e+00 5.570934727787971857e-02 6.569071151316166306e-03 2.862676344811916282e-02 1.244635713100433333e-01 1.459858085215091639e-01 0.000000000000000000e+00 0.000000000000000000e+00 9.822400316596031911e-02 1.821296191215515115e-01 1.652266110479831684e-01 3.707353174686431885e-01 5.584043264389038086e-01 9.999998807907104492e-01 7.842123225331307235e-02 2.655255991220474288e-01 1.810672512650489951e-01 1.581797698140144370e-01 1.171410812437534421e-01
1.496035617589950573e-01 9.485818795859814190e-02 7.727926425635814334e-02 7.264039754867554488e-02 2.026149260997772150e-01 2.003541329503059354e-01 1.059707748889923140e-01 1.141380648314952867e-01 6.623392008244990969e-02 5.855452306568622450e-02 1.123081508278846730e-01 1.077997939288616175e-01 1.988634675741195734e-01 1.193102209270000547e-01 6.834244318306446908e-02 1.125914297997951535e-01 9.291770577430724654e-02 1.247464142739772852e-01 8.935719579458237249e-02 0.000000000000000000e+00 2.794319760054349983e-02 7.466925740242004450e-02 0.000000000000000000e+00 1.741400368511676969e-02 9.101116910576820263e-02 6.000525929033756478e-02 0.000000000000000000e+00 0.000000000000000000e+00 4.990573832765222116e-03 1.154721115529537268e-01 3.398047957569360483e-02 1.499085722863674197e-01 7.842123225331307235e-02 1.000000119209289551e+00 1.474831998348236084e-01 2.284402981400490001e-02 2.098185552284121541e-02 3.313845925033092471e-02
1.792489029467105865e-01 1.555687016248702981e-01 1.841988556087017018e-02 2.112059067934751733e-02 5.826631605625152976e-02 1.026273739337921209e-01 2.261659657955169822e-01 8.772415086627007030e-02 1.124983191490173395e-01 2.477051270008087114e-01 2.074805685877799954e-01 5.780754387378692766e-02 7.927144207060336789e-02 7.575639739632607228e-02 1.052853244543075634e-01 4.032387070357799919e-02 2.077010279893875266e-01 4.445707716047764269e-02 9.065859928727150463e-02 0.000000000000000000e+00 1.282297508418560050e-01 1.198144526779651720e-01 6.254965841770172841e-02 9.062811315059661477e-02 1.751727905869484014e-01 3.610563695430756004e-02 1.504801213741302653e-04 1.026003070175647708e-01 1.752182731032371488e-01 1.457347711920738142e-01 1.248783066868782016e-01 2.588380628824233920e-01 2.655255991220474288e-01 1.474831998348236084e-01 1.000000000000000000e+00 1.067720428109169006e-01 1.710015022754669267e-01 1.613063256442546778e-01
1.881898546218871981e-01 1.429590755701065086e-01 1.035456067323684698e-01 1.309316578507423445e-01 1.695899149775505210e-01 7.468992188572884383e-02 2.427485883235931396e-01 1.164681029319763195e-01 1.752530390024185092e-01 1.901778100430965568e-01 9.346593417227268275e-02 4.137641116976738254e-02 3.623300004750490411e-02 8.340718999505043751e-02 1.118458561599254691e-01 8.282165423035621477e-02 5.483482427895069317e-02 1.226029646396637057e-01 1.724008125066757158e-01 0.000000000000000000e+00 4.866984359920024927e-02 0.000000000000000000e+00 0.000000000000000000e+00 7.416427984833717790e-02 9.909674197435379417e-02 5.375136166810989824e-02 9.856960833072662964e-02 1.661714747548103388e-01 1.056528562307357810e-01 1.399009270966053153e-01 1.188606622815132213e-01 2.861733993887901617e-01 1.810672512650489951e-01 2.284402981400490001e-02 1.067720428109169006e-01 9.999999403953552246e-01 5.483188629150390625e-01 5.175719261169433594e-01
9.009878799319268050e-02 1.166519835591316306e-01 5.330705806612968251e-02 4.995227500796318304e-02 8.962295986711979467e-02 8.376792922616005388e-02 1.429236212372779757e-01 8.547993749380111694e-02 8.711641885340214164e-02 9.231034666299819946e-02 1.104675316810607988e-01 3.644442662596702326e-02 1.156041646003723167e-01 9.634867548942566140e-02 1.301822978258133090e-01 6.043145708739757621e-02 1.568565773963928323e-01 9.455009095370769945e-02 1.226263828575611115e-01 0.000000000000000000e+00 1.050616179406642925e-01 3.507463011890649823e-02 0.000000000000000000e+00 8.115892633795739053e-02 1.176234093308448775e-01 2.807814493775367959e-02 2.477449528872966919e-02 1.177496795356273718e-01 8.768297106027603260e-02 8.292119599878787495e-02 1.154916286468505859e-01 2.254471951723098777e-01 1.581797698140144370e-01 2.098185552284121541e-02 1.710015022754669267e-01 5.483188629150390625e-01 1.000000000000000000e+00 3.842120766639709473e-01
1.702558253705501734e-01 2.284357315301895064e-01 4.849584199488163327e-02 1.422540736198425193e-01 1.444613295793533425e-01 1.069217312335968006e-01 2.953543964028358393e-01 1.086491718888282776e-01 1.661635807156562894e-01 2.267372968792915333e-01 1.097613593935966581e-01 1.132913258671760653e-01 7.791762009263038247e-02 1.075336913764476793e-01 6.324214234948158375e-02 1.078869381546974232e-01 6.931209050118923576e-02 2.074311619997024625e-01 1.909475706517696492e-01 0.000000000000000000e+00 1.620826665312051842e-02 5.279974557459354845e-02 0.000000000000000000e+00 1.334063702821731701e-01 1.453428459167480369e-01 9.041435450315475630e-02 2.790787234902382050e-02 1.604684674739837724e-01 9.174755215644836426e-02 1.654091148078441764e-01 1.402773626148700881e-01 2.864231860637664884e-01 1.171410812437534421e-01 3.313845925033092471e-02 1.613063256442546778e-01 5.175719261169433594e-01 3.842120766639709473e-01 1.000000000000000000e+00
